00.00 2
00.01 28
00.02 52
00.03 92
00.04 149
00.05 214
00.06 327
00.07 470
00.08 549
00.09 724
00.10 893
00.11 1032
00.12 1177
00.13 1435
00.14 1635
00.15 1829
00.16 2092
00.17 2430
00.18 2744
00.19 2927
00.20 3176
00.21 3564
00.22 3836
00.23 4152
00.24 4633
00.25 5013
00.26 5423
00.27 5829
00.28 6189
00.29 6720
00.30 7018
00.31 7604
00.32 8097
00.33 8525
00.34 9171
00.35 9658
00.36 10047
00.37 10584
00.38 11132
00.39 11997
00.40 12349
00.41 13250
00.42 13749
00.43 14171
00.44 15268
00.45 15661
00.46 16455
00.47 16958
00.48 18038
00.49 18419
00.50 19450
00.51 20227
00.52 20668
00.53 21476
00.54 22379
00.55 22790
00.56 24142
00.57 24765
00.58 25807
00.59 26682
00.60 27170
00.61 28260
00.62 29346
00.63 30339
00.64 31707
00.65 31814
00.66 33053
00.67 34050
00.68 35012
00.69 36020
00.70 37253
00.71 37974
00.72 38837
00.73 40140
00.74 41204
00.75 42420
00.76 43491
00.77 44338
00.78 45531
00.79 46964
00.80 47880
00.81 48946
00.82 50296
00.83 51663
00.84 52817
00.85 53832
00.86 55139
00.87 56355
00.88 57545
00.89 58821
00.90 60066
00.91 61095
00.92 62679
00.93 63796
00.94 64993
00.95 66766
00.96 68554
00.97 69225
00.98 70728
00.99 71917
01.00 73740
01.01 74511
01.02 76651
01.03 77374
01.04 79139
01.05 80535
01.06 81811
01.07 83601
01.08 85425
01.09 86742
01.10 87999
01.11 90264
01.12 91514
01.13 92688
01.14 93692
01.15 95999
01.16 97666
01.17 99573
01.18 100221
01.19 102431
01.20 104209
01.21 105270
01.22 107582
01.23 109152
01.24 109855
01.25 112080
01.26 113930
01.27 115548
01.28 117812
01.29 120084
01.30 121178
01.31 123259
01.32 125202
01.33 126128
01.34 128220
01.35 131046
01.36 131744
01.37 134392
01.38 134945
01.39 137531
01.40 139345
01.41 141468
01.42 143332
01.43 145237
01.44 147528
01.45 149330
01.46 150941
01.47 152140
01.48 153259
01.49 156391
01.50 157748
01.51 160142
01.52 162672
01.53 164643
01.54 166478
01.55 167862
01.56 170432
01.57 172406
01.58 174468
01.59 177291
01.60 179880
01.61 181284
01.62 183201
01.63 186166
01.64 187164
01.65 189516
01.66 192347
01.67 193469
01.68 196259
01.69 197299
01.70 201037
01.71 202902
01.72 205735
01.73 205888
01.74 209158
01.75 211151
01.76 213916
01.77 216386
01.78 218021
01.79 220277
01.80 222395
01.81 224590
01.82 227722
01.83 229786
01.84 231782
01.85 234415
01.86 236237
01.87 239517
01.88 241789
01.89 243629
01.90 246642
01.91 248627
01.92 250621
01.93 253746
01.94 256607
01.95 258383
01.96 260872
01.97 263708
01.98 264969
01.99 268323
02.00 270673
02.01 272565
02.02 275755
02.03 278276
02.04 280705
02.05 282554
02.06 285306
02.07 287291
02.08 291268
02.09 294077
02.10 294582
02.11 298390
02.12 301304
02.13 303808
02.14 306397
02.15 307902
02.16 311266
02.17 314427
02.18 317478
02.19 318794
02.20 323318
02.21 324400
02.22 327358
02.23 330153
02.24 332816
02.25 335092
02.26 337552
02.27 340859
02.28 344613
02.29 346074
02.30 348491
02.31 351989
02.32 354247
02.33 357890
02.34 359461
02.35 362384
02.36 366705
02.37 369396
02.38 371201
02.39 373673
02.40 377548
02.41 381022
02.42 382027
02.43 386970
02.44 388082
02.45 391666
02.46 395236
02.47 396780
02.48 400248
02.49 402864
02.50 406119
02.51 408940
02.52 411449
02.53 414760
02.54 416778
02.55 421211
02.56 423235
02.57 426188
02.58 427784
02.59 432972
02.60 434516
02.61 438613
02.62 441823
02.63 444564
02.64 447246
02.65 449918
02.66 454508
02.67 456500
02.68 459344
02.69 462736
02.70 465296
02.71 469018
02.72 472298
02.73 474886
02.74 477627
02.75 481774
02.76 483011
02.77 487925
02.78 489906
02.79 493741
02.80 494568
02.81 498573
02.82 502272
02.83 506249
02.84 507762
02.85 512500
02.86 515072
02.87 518519
02.88 521558
02.89 525457
02.90 528624
02.91 531098
02.92 534828
02.93 539117
02.94 540550
02.95 543845
02.96 548289
02.97 551702
02.98 554729
02.99 557922
03.00 559757
03.01 563896
03.02 567330
03.03 570003
03.04 574294
03.05 577053
03.06 581428
03.07 583978
03.08 586384
03.09 588910
03.10 592993
03.11 594813
03.12 599951
03.13 603211
03.14 606477
03.15 611268
03.16 614472
03.17 616897
03.18 621112
03.19 623203
03.20 625459
03.21 631038
03.22 632193
03.23 637249
03.24 640166
03.25 643496
03.26 645652
03.27 650523
03.28 655051
03.29 657299
03.30 661462
03.31 664154
03.32 666695
03.33 671755
03.34 674972
03.35 678687
03.36 681638
03.37 684385
03.38 687476
03.39 691897
03.40 694853
03.41 699829
03.42 703096
03.43 706352
03.44 708804
03.45 713968
03.46 715878
03.47 720186
03.48 725592
03.49 726250
03.50 728229
03.51 733422
03.52 736788
03.53 741711
03.54 745250
03.55 748199
03.56 752076
03.57 754878
03.58 760731
03.59 763168
03.60 766187
03.61 770328
03.62 775222
03.63 776559
03.64 779930
03.65 785009
03.66 788492
03.67 791329
03.68 795680
03.69 800509
03.70 801329
03.71 806927
03.72 811335
03.73 813495
03.74 819340
03.75 819870
03.76 823266
03.77 828938
03.78 831213
03.79 835749
03.80 841016
03.81 842547
03.82 847793
03.83 851178
03.84 854994
03.85 857669
03.86 861660
03.87 864491
03.88 869346
03.89 873371
03.90 876861
03.91 880970
03.92 884320
03.93 885873
03.94 892877
03.95 893636
03.96 899523
03.97 901376
03.98 907483
03.99 909103
04.00 914064
04.01 917011
04.02 922591
04.03 925736
04.04 928755
04.05 933986
04.06 938819
04.07 939752
04.08 944477
04.09 947810
04.10 950873
04.11 956579
04.12 961461
04.13 963384
04.14 968131
04.15 971720
04.16 975738
04.17 979899
04.18 979969
04.19 985480
04.20 989728
04.21 993592
04.22 998295
04.23 1002621
04.24 1005712
04.25 1009364
04.26 1013432
04.27 1017529
04.28 1021576
04.29 1024116
04.30 1030173
04.31 1033708
04.32 1036227
04.33 1040809
04.34 1043252
04.35 1046750
04.36 1051073
04.37 1056031
04.38 1061016
04.39 1065536
04.40 1065613
04.41 1073677
04.42 1074990
04.43 1079999
04.44 1084071
04.45 1086777
04.46 1090342
04.47 1096414
04.48 1098916
04.49 1103412
04.50 1106713
04.51 1109722
04.52 1114076
04.53 1119617
04.54 1123502
04.55 1130242
04.56 1130496
04.57 1133039
04.58 1140250
04.59 1141711
04.60 1145122
04.61 1149209
04.62 1154066
04.63 1159750
04.64 1162364
04.65 1165294
04.66 1169541
04.67 1174792
04.68 1180371
04.69 1181870
04.70 1185398
04.71 1190877
04.72 1194582
04.73 1197488
04.74 1202136
04.75 1205866
04.76 1209734
04.77 1214945
04.78 1217041
04.79 1222115
04.80 1227051
04.81 1229844
04.82 1232325
04.83 1238384
04.84 1241849
04.85 1245166
04.86 1251238
04.87 1254195
04.88 1257063
04.89 1262468
04.90 1266020
04.91 1269683
04.92 1274272
04.93 1275770
04.94 1280978
04.95 1286039
04.96 1290503
04.97 1293336
04.98 1298171
04.99 1303040
05.00 1304099
05.01 1309349
05.02 1312995
05.03 1318108
05.04 1322201
05.05 1327074
05.06 1330091
05.07 1334503
05.08 1339280
05.09 1344347
05.10 1347234
05.11 1350005
05.12 1356009
05.13 1358774
05.14 1363237
05.15 1367830
05.16 1371211
05.17 1374655
05.18 1377754
05.19 1382990
05.20 1387900
05.21 1391056
05.22 1396361
05.23 1401468
05.24 1405651
05.25 1407466
05.26 1414266
05.27 1417931
05.28 1420308
05.29 1423631
05.30 1428661
05.31 1433277
05.32 1435792
05.33 1441025
05.34 1443094
05.35 1448228
05.36 1451839
05.37 1457084
05.38 1460829
05.39 1464571
05.40 1466673
05.41 1476303
05.42 1478176
05.43 1481171
05.44 1485488
05.45 1489431
05.46 1492562
05.47 1499548
05.48 1501633
05.49 1506655
05.50 1510165
05.51 1514342
05.52 1519165
05.53 1520976
05.54 1527880
05.55 1532335
05.56 1532329
05.57 1537718
05.58 1542601
05.59 1546442
05.60 1549569
05.61 1556448
05.62 1559045
05.63 1562869
05.64 1568764
05.65 1572069
05.66 1577447
05.67 1578238
05.68 1584224
05.69 1587230
05.70 1592025
05.71 1597820
05.72 1598594
05.73 1606121
05.74 1610268
05.75 1614554
05.76 1617122
05.77 1623574
05.78 1623998
05.79 1629150
05.80 1632756
05.81 1640065
05.82 1639218
05.83 1646018
05.84 1650943
05.85 1653039
05.86 1659071
05.87 1663282
05.88 1664290
05.89 1671136
05.90 1675143
05.91 1678113
05.92 1683835
05.93 1685531
05.94 1692305
05.95 1694561
05.96 1698551
05.97 1701758
05.98 1707453
05.99 1712754
06.00 1715144
06.01 1720981
06.02 1724911
06.03 1727875
06.04 1733180
06.05 1737965
06.06 1740016
06.07 1743044
06.08 1746814
06.09 1750804
06.10 1754922
06.11 1761148
06.12 1764218
06.13 1767885
06.14 1771487
06.15 1776279
06.16 1779594
06.17 1782730
06.18 1788486
06.19 1791977
06.20 1797297
06.21 1802774
06.22 1804684
06.23 1810338
06.24 1814146
06.25 1817202
06.26 1821947
06.27 1824448
06.28 1830410
06.29 1834969
06.30 1837151
06.31 1843970
06.32 1844556
06.33 1850742
06.34 1854469
06.35 1857070
06.36 1859205
06.37 1864472
06.38 1870412
06.39 1872543
06.40 1879242
06.41 1884654
06.42 1886324
06.43 1890092
06.44 1895124
06.45 1899987
06.46 1902515
06.47 1907090
06.48 1909542
06.49 1913393
06.50 1919876
06.51 1922513
06.52 1925535
06.53 1930415
06.54 1936585
06.55 1936885
06.56 1941931
06.57 1948953
06.58 1950136
06.59 1955316
06.60 1959583
06.61 1964737
06.62 1965424
06.63 1970199
06.64 1976186
06.65 1981554
06.66 1980271
06.67 1986481
06.68 1990044
06.69 1997205
06.70 2000679
06.71 2004377
06.72 2004461
06.73 2014343
06.74 2016789
06.75 2017465
06.76 2025340
06.77 2025382
06.78 2031147
06.79 2034771
06.80 2038419
06.81 2044095
06.82 2048996
06.83 2052172
06.84 2055957
06.85 2061533
06.86 2064202
06.87 2065769
06.88 2071737
06.89 2075084
06.90 2080610
06.91 2084859
06.92 2085058
06.93 2089071
06.94 2095491
06.95 2098847
06.96 2103585
06.97 2108300
06.98 2114379
06.99 2114376
07.00 2118020
07.01 2124933
07.02 2128438
07.03 2131069
07.04 2138254
07.05 2138891
07.06 2140910
07.07 2147209
07.08 2149794
07.09 2153886
07.10 2159688
07.11 2165450
07.12 2166973
07.13 2172448
07.14 2174023
07.15 2178896
07.16 2184052
07.17 2186435
07.18 2191908
07.19 2192090
07.20 2197749
07.21 2203288
07.22 2205736
07.23 2209359
07.24 2213203
07.25 2217475
07.26 2219689
07.27 2225901
07.28 2229643
07.29 2235071
07.30 2237402
07.31 2242586
07.32 2244568
07.33 2248678
07.34 2252151
07.35 2254544
07.36 2259485
07.37 2264830
07.38 2267896
07.39 2273879
07.40 2276407
07.41 2282276
07.42 2281045
07.43 2288205
07.44 2291914
07.45 2295824
07.46 2300414
07.47 2302430
07.48 2306753
07.49 2310472
07.50 2314919
07.51 2319111
07.52 2320003
07.53 2327994
07.54 2328894
07.55 2335957
07.56 2333207
07.57 2340795
07.58 2343698
07.59 2345749
07.60 2352180
07.61 2357746
07.62 2360201
07.63 2363620
07.64 2369912
07.65 2368726
07.66 2377027
07.67 2378131
07.68 2383270
07.69 2389178
07.70 2392185
07.71 2394234
07.72 2399719
07.73 2399452
07.74 2405470
07.75 2408297
07.76 2413532
07.77 2412681
07.78 2421168
07.79 2424834
07.80 2429122
07.81 2428733
07.82 2433526
07.83 2439134
07.84 2442665
07.85 2446728
07.86 2449232
07.87 2452040
07.88 2454431
07.89 2461543
07.90 2464138
07.91 2468982
07.92 2471445
07.93 2477965
07.94 2481084
07.95 2482262
07.96 2486053
07.97 2488653
07.98 2492357
07.99 2497746
08.00 2498552
08.01 2502981
08.02 2510199
08.03 2514504
08.04 2514830
08.05 2518814
08.06 2523435
08.07 2523985
08.08 2529777
08.09 2530978
08.10 2537599
08.11 2541886
08.12 2544850
08.13 2546252
08.14 2551560
08.15 2556079
08.16 2558232
08.17 2563902
08.18 2565736
08.19 2569781
08.20 2575303
08.21 2575815
08.22 2580010
08.23 2583248
08.24 2586874
08.25 2589206
08.26 2594420
08.27 2595462
08.28 2601718
08.29 2606113
08.30 2608285
08.31 2610776
08.32 2618703
08.33 2616091
08.34 2620858
08.35 2627026
08.36 2631168
08.37 2631809
08.38 2635929
08.39 2636616
08.40 2641029
08.41 2648371
08.42 2651091
08.43 2655569
08.44 2655309
08.45 2661252
08.46 2665991
08.47 2666966
08.48 2673088
08.49 2676671
08.50 2679703
08.51 2681881
08.52 2683613
08.53 2689957
08.54 2693183
08.55 2695204
08.56 2699327
08.57 2702760
08.58 2707018
08.59 2709084
08.60 2712790
08.61 2713592
08.62 2717566
08.63 2722566
08.64 2724766
08.65 2730097
08.66 2734443
08.67 2738065
08.68 2739965
08.69 2740487
08.70 2745376
08.71 2753729
08.72 2751654
08.73 2755651
08.74 2761860
08.75 2764340
08.76 2768266
08.77 2769843
08.78 2772285
08.79 2775942
08.80 2782176
08.81 2781116
08.82 2787114
08.83 2787501
08.84 2791248
08.85 2792330
08.86 2800926
08.87 2803060
08.88 2806809
08.89 2808699
08.90 2813114
08.91 2816434
08.92 2817328
08.93 2821452
08.94 2825433
08.95 2829539
08.96 2833944
08.97 2835838
08.98 2837791
08.99 2843737
09.00 2846265
09.01 2848074
09.02 2852099
09.03 2853011
09.04 2859002
09.05 2861569
09.06 2863438
09.07 2869989
09.08 2868883
09.09 2875043
09.10 2878206
09.11 2880046
09.12 2884793
09.13 2887431
09.14 2889525
09.15 2889435
09.16 2895172
09.17 2896524
09.18 2899477
09.19 2902301
09.20 2908343
09.21 2912798
09.22 2913193
09.23 2913704
09.24 2921045
09.25 2923360
09.26 2927939
09.27 2927480
09.28 2935387
09.29 2936022
09.30 2940860
09.31 2941493
09.32 2945816
09.33 2946669
09.34 2953440
09.35 2955514
09.36 2953157
09.37 2958225
09.38 2962090
09.39 2964287
09.40 2970998
09.41 2970678
09.42 2973863
09.43 2974857
09.44 2981526
09.45 2982083
09.46 2988490
09.47 2988856
09.48 2991087
09.49 2997362
09.50 2996718
09.51 2998827
09.52 3004023
09.53 3003974
09.54 3009367
09.55 3013163
09.56 3016407
09.57 3018752
09.58 3019246
09.59 3026219
09.60 3023780
09.61 3026170
09.62 3034855
09.63 3038564
09.64 3038818
09.65 3042242
09.66 3044211
09.67 3045163
09.68 3049471
09.69 3054832
09.70 3056482
09.71 3056503
09.72 3061317
09.73 3062749
09.74 3066238
09.75 3069242
09.76 3073333
09.77 3073603
09.78 3076900
09.79 3081742
09.80 3085164
09.81 3082476
09.82 3087021
09.83 3090477
09.84 3094676
09.85 3094859
09.86 3100869
09.87 3101868
09.88 3105563
09.89 3105661
09.90 3110429
09.91 3117071
09.92 3115406
09.93 3119614
09.94 3124577
09.95 3121737
09.96 3126221
09.97 3129280
09.98 3131074
09.99 3133875
10.00 3139545
10.01 3139720
10.02 3144772
10.03 3146617
10.04 3147373
10.05 3152816
10.06 3152588
10.07 3157438
10.08 3158195
10.09 3163625
10.10 3161835
10.11 3163514
10.12 3167699
10.13 3171346
10.14 3173136
10.15 3176694
10.16 3177404
10.17 3182471
10.18 3186493
10.19 3187094
10.20 3191262
10.21 3192178
10.22 3193542
10.23 3197524
10.24 3200049
10.25 3200547
10.26 3207299
10.27 3207428
10.28 3206940
10.29 3211246
10.30 3215117
10.31 3217683
10.32 3218320
10.33 3220738
10.34 3225727
10.35 3224766
10.36 3227179
10.37 3233385
10.38 3235527
10.39 3239555
10.40 3237450
10.41 3241862
10.42 3243520
10.43 3245489
10.44 3248487
10.45 3247562
10.46 3252744
10.47 3254417
10.48 3254429
10.49 3259776
10.50 3261905
10.51 3261711
10.52 3269105
10.53 3268257
10.54 3269890
10.55 3276304
10.56 3276379
10.57 3275532
10.58 3280441
10.59 3284424
10.60 3283951
10.61 3286868
10.62 3290153
10.63 3287522
10.64 3296133
10.65 3296690
10.66 3301200
10.67 3298017
10.68 3301313
10.69 3303971
10.70 3306174
10.71 3309447
10.72 3312243
10.73 3311371
10.74 3313394
10.75 3320384
10.76 3322791
10.77 3323715
10.78 3322290
10.79 3324479
10.80 3327064
10.81 3330836
10.82 3333422
10.83 3335945
10.84 3337441
10.85 3340193
10.86 3340573
10.87 3345277
10.88 3345331
10.89 3351510
10.90 3352992
10.91 3353665
10.92 3348715
10.93 3355017
10.94 3357969
10.95 3359823
10.96 3363116
10.97 3361858
10.98 3369062
10.99 3371260
11.00 3372702
11.01 3368848
11.02 3376383
11.03 3377906
11.04 3377318
11.05 3381769
11.06 3380168
11.07 3387070
11.08 3387093
11.09 3389090
11.10 3391109
11.11 3393389
11.12 3397118
11.13 3394772
11.14 3396113
11.15 3395943
11.16 3402696
11.17 3404565
11.18 3407760
11.19 3406877
11.20 3408278
11.21 3410631
11.22 3415214
11.23 3414913
11.24 3416792
11.25 3416138
11.26 3419795
11.27 3422818
11.28 3421542
11.29 3425802
11.30 3425733
11.31 3426903
11.32 3432420
11.33 3431962
11.34 3434417
11.35 3434711
11.36 3436480
11.37 3437271
11.38 3439622
11.39 3447399
11.40 3443448
11.41 3445218
11.42 3447093
11.43 3449441
11.44 3452357
11.45 3454267
11.46 3455466
11.47 3453121
11.48 3455888
11.49 3459933
11.50 3461102
11.51 3464663
11.52 3467337
11.53 3464395
11.54 3467281
11.55 3468050
11.56 3471658
11.57 3474001
11.58 3474212
11.59 3475350
11.60 3479911
11.61 3478253
11.62 3480112
11.63 3483189
11.64 3481147
11.65 3486700
11.66 3489353
11.67 3490169
11.68 3489480
11.69 3493202
11.70 3494357
11.71 3493434
11.72 3491391
11.73 3495016
11.74 3498313
11.75 3500322
11.76 3505038
11.77 3507165
11.78 3503030
11.79 3506840
11.80 3506552
11.81 3507940
11.82 3512766
11.83 3511726
11.84 3511983
11.85 3513710
11.86 3512274
11.87 3514815
11.88 3514402
11.89 3522804
11.90 3523867
11.91 3523344
11.92 3524349
11.93 3522618
11.94 3523323
11.95 3526403
11.96 3525232
11.97 3528179
11.98 3530758
11.99 3529384
12.00 3531960
12.01 3533713
12.02 3538072
12.03 3537505
12.04 3536265
12.05 3537766
12.06 3538732
12.07 3541360
12.08 3545901
12.09 3548037
12.10 3547145
12.11 3546395
12.12 3548752
12.13 3547341
12.14 3546256
12.15 3550465
12.16 3551083
12.17 3556772
12.18 3552088
12.19 3553915
12.20 3559651
12.21 3557450
12.22 3560147
12.23 3560624
12.24 3562894
12.25 3560927
12.26 3561008
12.27 3560980
12.28 3564384
12.29 3561476
12.30 3569934
12.31 3567536
12.32 3569457
12.33 3570082
12.34 3568882
12.35 3570003
12.36 3572078
12.37 3576794
12.38 3573756
12.39 3574749
12.40 3577210
12.41 3579108
12.42 3576912
12.43 3577731
12.44 3580230
12.45 3579712
12.46 3582836
12.47 3581701
12.48 3584070
12.49 3584173
12.50 3585786
12.51 3586424
12.52 3586253
12.53 3587346
12.54 3589798
12.55 3588089
12.56 3587421
12.57 3593422
12.58 3590983
12.59 3593297
12.60 3595542
12.61 3594819
12.62 3593628
12.63 3599267
12.64 3601912
12.65 3595207
12.66 3600843
12.67 3596056
12.68 3599031
12.69 3596040
12.70 3600905
12.71 3603555
12.72 3600757
12.73 3603021
12.74 3595566
12.75 3602292
12.76 3608236
12.77 3608091
12.78 3604373
12.79 3607352
12.80 3603585
12.81 3606664
12.82 3606680
12.83 3609576
12.84 3608925
12.85 3607628
12.86 3605070
12.87 3610423
12.88 3611446
12.89 3612730
12.90 3610690
12.91 3611503
12.92 3614867
12.93 3611507
12.94 3614380
12.95 3617155
12.96 3617721
12.97 3611653
12.98 3616973
12.99 3613011
13.00 3616803
13.01 3617746
13.02 3620702
13.03 3618839
13.04 3615952
13.05 3620945
13.06 3621570
13.07 3618474
13.08 3616945
13.09 3619605
13.10 3623105
13.11 3619802
13.12 3619339
13.13 3623447
13.14 3621967
13.15 3623114
13.16 3623377
13.17 3625011
13.18 3619815
13.19 3624004
13.20 3621565
13.21 3624547
13.22 3625429
13.23 3622623
13.24 3623781
13.25 3625976
13.26 3623612
13.27 3625754
13.28 3625831
13.29 3625425
13.30 3623748
13.31 3627261
13.32 3627052
13.33 3625244
13.34 3623763
13.35 3627759
13.36 3622538
13.37 3624138
13.38 3626827
13.39 3624446
13.40 3625881
13.41 3628221
13.42 3625304
13.43 3630574
13.44 3625268
13.45 3626410
13.46 3629806
13.47 3626649
13.48 3626408
13.49 3630032
13.50 3626534
13.51 3626122
13.52 3626222
13.53 3626765
13.54 3631889
13.55 3629661
13.56 3624864
13.57 3627978
13.58 3627563
13.59 3628226
13.60 3626714
13.61 3623600
13.62 3624096
13.63 3623714
13.64 3626483
13.65 3624405
13.66 3627483
13.67 3627136
13.68 3625830
13.69 3624312
13.70 3628646
13.71 3623111
13.72 3621800
13.73 3626496
13.74 3626045
13.75 3623586
13.76 3622125
13.77 3629144
13.78 3622423
13.79 3625131
13.80 3626577
13.81 3624338
13.82 3626419
13.83 3623299
13.84 3619533
13.85 3622317
13.86 3621762
13.87 3621423
13.88 3620997
13.89 3621163
13.90 3618093
13.91 3618471
13.92 3617360
13.93 3620283
13.94 3620188
13.95 3618421
13.96 3617725
13.97 3615307
13.98 3615693
13.99 3614246
14.00 3615929
14.01 3614073
14.02 3612646
14.03 3617348
14.04 3611758
14.05 3616845
14.06 3613209
14.07 3612708
14.08 3613299
14.09 3608562
14.10 3612472
14.11 3613607
14.12 3609404
14.13 3609756
14.14 3607435
14.15 3612014
14.16 3607769
14.17 3604124
14.18 3607886
14.19 3607785
14.20 3605802
14.21 3601597
14.22 3606407
14.23 3604074
14.24 3600333
14.25 3602897
14.26 3599079
14.27 3602038
14.28 3599441
14.29 3600571
14.30 3596899
14.31 3596969
14.32 3599217
14.33 3596246
14.34 3597627
14.35 3594805
14.36 3591817
14.37 3594106
14.38 3594998
14.39 3589359
14.40 3589403
14.41 3589129
14.42 3589260
14.43 3588962
14.44 3589336
14.45 3589019
14.46 3585081
14.47 3586629
14.48 3582559
14.49 3589583
14.50 3584302
14.51 3580828
14.52 3581015
14.53 3581630
14.54 3582344
14.55 3579409
14.56 3578619
14.57 3574273
14.58 3573374
14.59 3572962
14.60 3575915
14.61 3576586
14.62 3574596
14.63 3570531
14.64 3568983
14.65 3568762
14.66 3564721
14.67 3568055
14.68 3567336
14.69 3565800
14.70 3567713
14.71 3561636
14.72 3564269
14.73 3564023
14.74 3559450
14.75 3559181
14.76 3557058
14.77 3560367
14.78 3555756
14.79 3554818
14.80 3554420
14.81 3549785
14.82 3552073
14.83 3548490
14.84 3547365
14.85 3549369
14.86 3545525
14.87 3546135
14.88 3544687
14.89 3543416
14.90 3539542
14.91 3540880
14.92 3541082
14.93 3538990
14.94 3532912
14.95 3537628
14.96 3531723
14.97 3529863
14.98 3533045
14.99 3530401
15.00 3525690
15.01 3522319
15.02 3524610
15.03 3523418
15.04 3523081
15.05 3519150
15.06 3518650
15.07 3521296
15.08 3520313
15.09 3516773
15.10 3518015
15.11 3515074
15.12 3513228
15.13 3513313
15.14 3509759
15.15 3507827
15.16 3506920
15.17 3508947
15.18 3500525
15.19 3501886
15.20 3500456
15.21 3499035
15.22 3497405
15.23 3495435
15.24 3493375
15.25 3492270
15.26 3487853
15.27 3487070
15.28 3487970
15.29 3486606
15.30 3486072
15.31 3483756
15.32 3483259
15.33 3481200
15.34 3479512
15.35 3480676
15.36 3475809
15.37 3474725
15.38 3472360
15.39 3468815
15.40 3468037
15.41 3465515
15.42 3462789
15.43 3465345
15.44 3463072
15.45 3460162
15.46 3461239
15.47 3456813
15.48 3455291
15.49 3453979
15.50 3451209
15.51 3449713
15.52 3446686
15.53 3445577
15.54 3444607
15.55 3443259
15.56 3438463
15.57 3437627
15.58 3435370
15.59 3438368
15.60 3432169
15.61 3433264
15.62 3431881
15.63 3425789
15.64 3427007
15.65 3424013
15.66 3418324
15.67 3420270
15.68 3416569
15.69 3415214
15.70 3414558
15.71 3411988
15.72 3411378
15.73 3411866
15.74 3403945
15.75 3407392
15.76 3401156
15.77 3403077
15.78 3396617
15.79 3398255
15.80 3396689
15.81 3395987
15.82 3393016
15.83 3391348
15.84 3385157
15.85 3383125
15.86 3382336
15.87 3381816
15.88 3377769
15.89 3373722
15.90 3375804
15.91 3371360
15.92 3368347
15.93 3365127
15.94 3365458
15.95 3363052
15.96 3360365
15.97 3356876
15.98 3357212
15.99 3352994
16.00 3353863
16.01 3348107
16.02 3349338
16.03 3346422
16.04 3345893
16.05 3342811
16.06 3337673
16.07 3336744
16.08 3333164
16.09 3332526
16.10 3333134
16.11 3326472
16.12 3323382
16.13 3325140
16.14 3321962
16.15 3318767
16.16 3316148
16.17 3313526
16.18 3313658
16.19 3307973
16.20 3307501
16.21 3306375
16.22 3301203
16.23 3297284
16.24 3296202
16.25 3296182
16.26 3291911
16.27 3288444
16.28 3286971
16.29 3284949
16.30 3281655
16.31 3278449
16.32 3277789
16.33 3276381
16.34 3274457
16.35 3271247
16.36 3272220
16.37 3265372
16.38 3261038
16.39 3258784
16.40 3257656
16.41 3257168
16.42 3252189
16.43 3251665
16.44 3245997
16.45 3245060
16.46 3243932
16.47 3238813
16.48 3238727
16.49 3232163
16.50 3231369
16.51 3225641
16.52 3229987
16.53 3219732
16.54 3220152
16.55 3215624
16.56 3215894
16.57 3211468
16.58 3209076
16.59 3207905
16.60 3205440
16.61 3205624
16.62 3199506
16.63 3196695
16.64 3194270
16.65 3193723
16.66 3191033
16.67 3186013
16.68 3181192
16.69 3179595
16.70 3175799
16.71 3172062
16.72 3171445
16.73 3171539
16.74 3163194
16.75 3163088
16.76 3160609
16.77 3158310
16.78 3153156
16.79 3149507
16.80 3144918
16.81 3145745
16.82 3140483
16.83 3139954
16.84 3138841
16.85 3133181
16.86 3130795
16.87 3125486
16.88 3124794
16.89 3126883
16.90 3121984
16.91 3114436
16.92 3112914
16.93 3107812
16.94 3106202
16.95 3103841
16.96 3101543
16.97 3094914
16.98 3092101
16.99 3091578
17.00 3090290
17.01 3087446
17.02 3081536
17.03 3076189
17.04 3073836
17.05 3072292
17.06 3065668
17.07 3066855
17.08 3063780
17.09 3062819
17.10 3058909
17.11 3053039
17.12 3051672
17.13 3048091
17.14 3047022
17.15 3041591
17.16 3040184
17.17 3035239
17.18 3029691
17.19 3029853
17.20 3023994
17.21 3024333
17.22 3019664
17.23 3014176
17.24 3013853
17.25 3004646
17.26 3007745
17.27 3003723
17.28 2997124
17.29 2998677
17.30 2990353
17.31 2989208
17.32 2987576
17.33 2982988
17.34 2979656
17.35 2975569
17.36 2974429
17.37 2968052
17.38 2964649
17.39 2963465
17.40 2958607
17.41 2954209
17.42 2954836
17.43 2945239
17.44 2944464
17.45 2944919
17.46 2939148
17.47 2932829
17.48 2930999
17.49 2925399
17.50 2923963
17.51 2920513
17.52 2918316
17.53 2912344
17.54 2912844
17.55 2906665
17.56 2903768
17.57 2897991
17.58 2897242
17.59 2890924
17.60 2888144
17.61 2882405
17.62 2882109
17.63 2872817
17.64 2873353
17.65 2866607
17.66 2866128
17.67 2863193
17.68 2859399
17.69 2857091
17.70 2852983
17.71 2846748
17.72 2843119
17.73 2838703
17.74 2835148
17.75 2831601
17.76 2830054
17.77 2825909
17.78 2823446
17.79 2817539
17.80 2815441
17.81 2808262
17.82 2807021
17.83 2801049
17.84 2801536
17.85 2796813
17.86 2787322
17.87 2788613
17.88 2780763
17.89 2776930
17.90 2779741
17.91 2771025
17.92 2767113
17.93 2761549
17.94 2760533
17.95 2755541
17.96 2749853
17.97 2748847
17.98 2742711
17.99 2743326
18.00 2735612
18.01 2731628
18.02 2727502
18.03 2725231
18.04 2722241
18.05 2713843
18.06 2713741
18.07 2709273
18.08 2701419
18.09 2701008
18.10 2699689
18.11 2692936
18.12 2689997
18.13 2682125
18.14 2680253
18.15 2677637
18.16 2671795
18.17 2672124
18.18 2664698
18.19 2660451
18.20 2655016
18.21 2651219
18.22 2648600
18.23 2645773
18.24 2641269
18.25 2634703
18.26 2631618
18.27 2627364
18.28 2626941
18.29 2617658
18.30 2614106
18.31 2610971
18.32 2608318
18.33 2600453
18.34 2596103
18.35 2592890
18.36 2584690
18.37 2585651
18.38 2582437
18.39 2574302
18.40 2573766
18.41 2566476
18.42 2562592
18.43 2562368
18.44 2556023
18.45 2552846
18.46 2547763
18.47 2542180
18.48 2535203
18.49 2532094
18.50 2528067
18.51 2527833
18.52 2519172
18.53 2513046
18.54 2512079
18.55 2505282
18.56 2501416
18.57 2497411
18.58 2493853
18.59 2485696
18.60 2487411
18.61 2482979
18.62 2473870
18.63 2473717
18.64 2468327
18.65 2461474
18.66 2457874
18.67 2454255
18.68 2448921
18.69 2443092
18.70 2440395
18.71 2436673
18.72 2428303
18.73 2425874
18.74 2421914
18.75 2419662
18.76 2414834
18.77 2406473
18.78 2404478
18.79 2396769
18.80 2395459
18.81 2387858
18.82 2386535
18.83 2380441
18.84 2377804
18.85 2371933
18.86 2362892
18.87 2363912
18.88 2359576
18.89 2353329
18.90 2347591
18.91 2342583
18.92 2340863
18.93 2334642
18.94 2330744
18.95 2324792
18.96 2318823
18.97 2311784
18.98 2313777
18.99 2304471
19.00 2299798
19.01 2296811
19.02 2295780
19.03 2286025
19.04 2281673
19.05 2279436
19.06 2273913
19.07 2268206
19.08 2260303
19.09 2256655
19.10 2249816
19.11 2248851
19.12 2243325
19.13 2239879
19.14 2232889
19.15 2228436
19.16 2225778
19.17 2221174
19.18 2216819
19.19 2210971
19.20 2206100
19.21 2200103
19.22 2194998
19.23 2189425
19.24 2184084
19.25 2179221
19.26 2177804
19.27 2169407
19.28 2165164
19.29 2158180
19.30 2156044
19.31 2150598
19.32 2147360
19.33 2138539
19.34 2133352
19.35 2130126
19.36 2124404
19.37 2119430
19.38 2113062
19.39 2110518
19.40 2102849
19.41 2098716
19.42 2095451
19.43 2087525
19.44 2085096
19.45 2080106
19.46 2075045
19.47 2069462
19.48 2063083
19.49 2059055
19.50 2053220
19.51 2046557
19.52 2042746
19.53 2037767
19.54 2032745
19.55 2025941
19.56 2018717
19.57 2018367
19.58 2013190
19.59 2005720
19.60 2001446
19.61 1996358
19.62 1990203
19.63 1986110
19.64 1982788
19.65 1974533
19.66 1971200
19.67 1963532
19.68 1958623
19.69 1955377
19.70 1948926
19.71 1943711
19.72 1934966
19.73 1933558
19.74 1930157
19.75 1922419
19.76 1917339
19.77 1911993
19.78 1902861
19.79 1899123
19.80 1897102
19.81 1890955
19.82 1885430
19.83 1878014
19.84 1875238
19.85 1867761
19.86 1863443
19.87 1859542
19.88 1851358
19.89 1847129
19.90 1840307
19.91 1836619
19.92 1827179
19.93 1827302
19.94 1821377
19.95 1814168
19.96 1808025
19.97 1802285
19.98 1796171
19.99 1792695
20.00 1784826
20.01 1782005
20.02 1774773
20.03 1768256
20.04 1767592
20.05 1758490
20.06 1754097
20.07 1749852
20.08 1741632
20.09 1736387
20.10 1732761
20.11 1727953
20.12 1721199
20.13 1716276
20.14 1709788
20.15 1703802
20.16 1699311
20.17 1693414
20.18 1689985
20.19 1684812
20.20 1679121
20.21 1672095
20.22 1666494
20.23 1663545
20.24 1659799
20.25 1653609
20.26 1646741
20.27 1642608
20.28 1637921
20.29 1633949
20.30 1626967
20.31 1621608
20.32 1615696
20.33 1612799
20.34 1606205
20.35 1601820
20.36 1594974
20.37 1592387
20.38 1584129
20.39 1581295
20.40 1575549
20.41 1569454
20.42 1565404
20.43 1559724
20.44 1556657
20.45 1553715
20.46 1547600
20.47 1541629
20.48 1537076
20.49 1531945
20.50 1528229
20.51 1519817
20.52 1517918
20.53 1512418
20.54 1506737
20.55 1501117
20.56 1495288
20.57 1495276
20.58 1486914
20.59 1483820
20.60 1479098
20.61 1472802
20.62 1468323
20.63 1466200
20.64 1460215
20.65 1452519
20.66 1449644
20.67 1442098
20.68 1442032
20.69 1435428
20.70 1432364
20.71 1424288
20.72 1425611
20.73 1417209
20.74 1414594
20.75 1407661
20.76 1402778
20.77 1399932
20.78 1394050
20.79 1387943
20.80 1387165
20.81 1379696
20.82 1372225
20.83 1371563
20.84 1367162
20.85 1363252
20.86 1357683
20.87 1352074
20.88 1350245
20.89 1344224
20.90 1340167
20.91 1334986
20.92 1329215
20.93 1327529
20.94 1322642
20.95 1317849
20.96 1310153
20.97 1309089
20.98 1304589
20.99 1299624
21.00 1297405
21.01 1289673
21.02 1288189
21.03 1283441
21.04 1277091
21.05 1274641
21.06 1270546
21.07 1263108
21.08 1260976
21.09 1258252
21.10 1254091
21.11 1249578
21.12 1243929
21.13 1241411
21.14 1236345
21.15 1230389
21.16 1228549
21.17 1223568
21.18 1218734
21.19 1215518
21.20 1209861
21.21 1207841
21.22 1200569
21.23 1197394
21.24 1193805
21.25 1189332
21.26 1187104
21.27 1182279
21.28 1177971
21.29 1174066
21.30 1167844
21.31 1166881
21.32 1161360
21.33 1157364
21.34 1151980
21.35 1151065
21.36 1142708
21.37 1141199
21.38 1137554
21.39 1132120
21.40 1129168
21.41 1126705
21.42 1122705
21.43 1118444
21.44 1114670
21.45 1109363
21.46 1106525
21.47 1101414
21.48 1096565
21.49 1094262
21.50 1090259
21.51 1085803
21.52 1082724
21.53 1078749
21.54 1072726
21.55 1070775
21.56 1066649
21.57 1062835
21.58 1058145
21.59 1055362
21.60 1050601
21.61 1047235
21.62 1043921
21.63 1040426
21.64 1037287
21.65 1032972
21.66 1029385
21.67 1024674
21.68 1020581
21.69 1017433
21.70 1013697
21.71 1011684
21.72 1006686
21.73 1004815
21.74 1001193
21.75 996340
21.76 992155
21.77 988777
21.78 985555
21.79 983829
21.80 978850
21.81 973604
21.82 970401
21.83 969022
21.84 963063
21.85 960899
21.86 955886
21.87 952268
21.88 949437
21.89 946873
21.90 942607
21.91 939450
21.92 935293
21.93 932189
21.94 927960
21.95 923779
21.96 922347
21.97 917690
21.98 913298
21.99 909976
22.00 908320
22.01 904731
22.02 901727
22.03 898446
22.04 893208
22.05 889736
22.06 888017
22.07 883866
22.08 881304
22.09 877089
22.10 873889
22.11 871242
22.12 867252
22.13 863055
22.14 862402
22.15 857466
22.16 855233
22.17 851489
22.18 847981
22.19 844123
22.20 838983
22.21 836817
22.22 833709
22.23 833027
22.24 826827
22.25 824431
22.26 820060
22.27 817434
22.28 816224
22.29 811989
22.30 807586
22.31 808134
22.32 801646
22.33 799751
22.34 795545
22.35 793520
22.36 788056
22.37 786220
22.38 783705
22.39 779139
22.40 777218
22.41 773064
22.42 771821
22.43 768814
22.44 765874
22.45 762353
22.46 759758
22.47 755442
22.48 753177
22.49 750434
22.50 747211
22.51 743336
22.52 740623
22.53 739351
22.54 736251
22.55 732083
22.56 728503
22.57 725936
22.58 722629
22.59 720721
22.60 717132
22.61 714550
22.62 710092
22.63 708500
22.64 705866
22.65 702929
22.66 700451
22.67 697862
22.68 693771
22.69 691660
22.70 689610
22.71 686849
22.72 682947
22.73 681493
22.74 676664
22.75 674351
22.76 670985
22.77 668829
22.78 665355
22.79 665047
22.80 660889
22.81 658445
22.82 654381
22.83 651268
22.84 650357
22.85 647086
22.86 642011
22.87 642045
22.88 639173
22.89 635641
22.90 632715
22.91 630109
22.92 625559
22.93 622961
22.94 622381
22.95 620179
22.96 616745
22.97 614905
22.98 611838
22.99 609967
23.00 606955
23.01 605292
23.02 602443
23.03 598731
23.04 596085
23.05 592686
23.06 589886
23.07 586242
23.08 585164
23.09 582990
23.10 580001
23.11 579063
23.12 575520
23.13 573903
23.14 571057
23.15 568214
23.16 565403
23.17 562933
23.18 561436
23.19 557963
23.20 555748
23.21 553824
23.22 551045
23.23 548620
23.24 546181
23.25 544769
23.26 541695
23.27 538865
23.28 536482
23.29 534646
23.30 531364
23.31 529490
23.32 525809
23.33 523809
23.34 521818
23.35 519298
23.36 518234
23.37 514886
23.38 513221
23.39 510563
23.40 508472
23.41 505507
23.42 503187
23.43 500612
23.44 498257
23.45 496683
23.46 494307
23.47 493121
23.48 490131
23.49 487783
23.50 483769
23.51 481947
23.52 481348
23.53 479433
23.54 476770
23.55 474151
23.56 472333
23.57 468776
23.58 468050
23.59 465419
23.60 463307
23.61 461938
23.62 459015
23.63 456271
23.64 455328
23.65 451889
23.66 451077
23.67 448749
23.68 446690
23.69 443445
23.70 441971
23.71 437772
23.72 437296
23.73 435336
23.74 434117
23.75 431685
23.76 429830
23.77 426204
23.78 424958
23.79 423220
23.80 420473
23.81 418999
23.82 417264
23.83 415218
23.84 413038
23.85 411010
23.86 408654
23.87 407121
23.88 404888
23.89 402195
23.90 400205
23.91 398001
23.92 396582
23.93 395598
23.94 394049
23.95 392167
23.96 390443
23.97 386538
23.98 385374
23.99 383428
24.00 381354
24.01 379820
24.02 377491
24.03 377306
24.04 374857
24.05 371171
24.06 369905
24.07 368616
24.08 366453
24.09 364542
24.10 363659
24.11 360541
24.12 358384
24.13 357630
24.14 355549
24.15 354541
24.16 352574
24.17 349945
24.18 348637
24.19 346990
24.20 344844
24.21 342763
24.22 341746
24.23 339865
24.24 337713
24.25 335827
24.26 335745
24.27 332645
24.28 330315
24.29 329385
24.30 327382
24.31 325843
24.32 323931
24.33 322643
24.34 320364
24.35 318884
24.36 317605
24.37 315407
24.38 313774
24.39 312793
24.40 310540
24.41 309695
24.42 307095
24.43 305530
24.44 303457
24.45 303050
24.46 300521
24.47 298479
24.48 297371
24.49 296623
24.50 295043
24.51 293636
24.52 291377
24.53 290813
24.54 288082
24.55 286507
24.56 285832
24.57 282797
24.58 282092
24.59 280147
24.60 278647
24.61 278025
24.62 276317
24.63 274494
24.64 271718
24.65 271691
24.66 269647
24.67 269119
24.68 266725
24.69 265877
24.70 263710
24.71 262972
24.72 260966
24.73 259551
24.74 258115
24.75 256858
24.76 255461
24.77 253759
24.78 252028
24.79 250987
24.80 249202
24.81 248011
24.82 246984
24.83 245630
24.84 244040
24.85 242895
24.86 241075
24.87 239874
24.88 238229
24.89 237190
24.90 235412
24.91 235036
24.92 232210
24.93 231837
24.94 230861
24.95 228842
24.96 228271
24.97 227186
24.98 224758
24.99 223167
25.00 222678
25.01 221347
25.02 219940
25.03 218725
25.04 216665
25.05 216292
25.06 214548
25.07 212663
25.08 211570
25.09 211219
25.10 210471
25.11 208155
25.12 207431
25.13 205105
25.14 206359
25.15 203271
25.16 202481
25.17 200547
25.18 199934
25.19 199416
25.20 197493
25.21 195864
25.22 195785
25.23 194210
25.24 193198
25.25 191426
25.26 191540
25.27 189971
25.28 188352
25.29 186906
25.30 185133
25.31 185129
25.32 183645
25.33 182342
25.34 180900
25.35 179853
25.36 179176
25.37 177223
25.38 176980
25.39 175707
25.40 175204
25.41 173370
25.42 171894
25.43 170741
25.44 170324
25.45 170096
25.46 168638
25.47 167680
25.48 166298
25.49 165957
25.50 164209
25.51 162635
25.52 162444
25.53 161472
25.54 160505
25.55 158728
25.56 158110
25.57 157196
25.58 156232
25.59 154868
25.60 154168
25.61 153385
25.62 152178
25.63 151098
25.64 150305
25.65 148783
25.66 148401
25.67 147290
25.68 146067
25.69 145169
25.70 144559
25.71 143666
25.72 142378
25.73 141856
25.74 140451
25.75 139730
25.76 138717
25.77 137996
25.78 136885
25.79 136240
25.80 134679
25.81 134406
25.82 133348
25.83 132613
25.84 131133
25.85 130045
25.86 129408
25.87 129262
25.88 128301
25.89 127545
25.90 126514
25.91 125315
25.92 124474
25.93 124106
25.94 122883
25.95 122393
25.96 121262
25.97 121054
25.98 120330
25.99 119200
26.00 118681
26.01 117374
26.02 116073
26.03 115770
26.04 114028
26.05 114353
26.06 112766
26.07 112469
26.08 111507
26.09 110730
26.10 110351
26.11 109862
26.12 108684
26.13 107908
26.14 107057
26.15 106373
26.16 105214
26.17 104420
26.18 104042
26.19 103439
26.20 102660
26.21 102090
26.22 101722
26.23 100673
26.24 99809
26.25 98952
26.26 98133
26.27 97947
26.28 96502
26.29 95976
26.30 95323
26.31 94944
26.32 94343
26.33 92905
26.34 93027
26.35 92052
26.36 91754
26.37 90409
26.38 90296
26.39 90348
26.40 89218
26.41 88003
26.42 87560
26.43 86968
26.44 86505
26.45 85535
26.46 84519
26.47 84749
26.48 83933
26.49 83492
26.50 82384
26.51 81803
26.52 81050
26.53 80451
26.54 80230
26.55 79733
26.56 79060
26.57 78260
26.58 77679
26.59 77179
26.60 76251
26.61 75955
26.62 75656
26.63 75075
26.64 73931
26.65 73336
26.66 73433
26.67 72457
26.68 72444
26.69 71712
26.70 70635
26.71 70170
26.72 70062
26.73 69467
26.74 68403
26.75 68342
26.76 67852
26.77 67021
26.78 66259
26.79 65735
26.80 65452
26.81 65087
26.82 64620
26.83 64317
26.84 63116
26.85 63274
26.86 62389
26.87 62495
26.88 61592
26.89 61822
26.90 60662
26.91 60076
26.92 59959
26.93 59303
26.94 58543
26.95 58208
26.96 58133
26.97 57151
26.98 56637
26.99 56448
27.00 55965
27.01 55488
27.02 55523
27.03 54613
27.04 54401
27.05 53809
27.06 53220
27.07 53022
27.08 52479
27.09 51910
27.10 52026
27.11 51395
27.12 51109
27.13 50402
27.14 50375
27.15 49852
27.16 49392
27.17 48876
27.18 48745
27.19 48175
27.20 47805
27.21 47379
27.22 47103
27.23 46627
27.24 46142
27.25 46003
27.26 45798
27.27 45323
27.28 45202
27.29 44466
27.30 43970
27.31 43116
27.32 43085
27.33 42776
27.34 42503
27.35 42167
27.36 42011
27.37 41198
27.38 41486
27.39 41219
27.40 40136
27.41 40444
27.42 39887
27.43 39642
27.44 39024
27.45 38594
27.46 38661
27.47 38418
27.48 37891
27.49 37501
27.50 37435
27.51 36969
27.52 36472
27.53 36778
27.54 36020
27.55 35453
27.56 35189
27.57 35021
27.58 34932
27.59 34407
27.60 34271
27.61 33788
27.62 33541
27.63 33104
27.64 32901
27.65 32990
27.66 32529
27.67 32351
27.68 31680
27.69 31611
27.70 31627
27.71 31210
27.72 30988
27.73 30730
27.74 30275
27.75 30129
27.76 29875
27.77 29471
27.78 29622
27.79 28824
27.80 28939
27.81 28417
27.82 28262
27.83 28007
27.84 27672
27.85 27537
27.86 27264
27.87 27595
27.88 27337
27.89 26775
27.90 26297
27.91 26212
27.92 25739
27.93 25466
27.94 25463
27.95 25497
27.96 24876
27.97 24828
27.98 24431
27.99 24534
28.00 24029
28.01 23968
28.02 23727
28.03 24016
28.04 23375
28.05 23437
28.06 23158
28.07 22737
28.08 22808
28.09 22208
28.10 22437
28.11 22155
28.12 21689
28.13 21744
28.14 21178
28.15 21122
28.16 21026
28.17 20759
28.18 20674
28.19 20620
28.20 20063
28.21 20201
28.22 19763
28.23 19753
28.24 19547
28.25 19342
28.26 19300
28.27 19220
28.28 19137
28.29 18908
28.30 18287
28.31 18525
28.32 18058
28.33 18088
28.34 17838
28.35 17590
28.36 17581
28.37 17369
28.38 17258
28.39 17252
28.40 17219
28.41 16810
28.42 16791
28.43 16618
28.44 16388
28.45 16252
28.46 16313
28.47 16281
28.48 15809
28.49 15622
28.50 15525
28.51 15434
28.52 15209
28.53 15256
28.54 15140
28.55 14922
28.56 14766
28.57 14502
28.58 14324
28.59 14398
28.60 14310
28.61 14044
28.62 13789
28.63 13728
28.64 13496
28.65 13522
28.66 13224
28.67 13071
28.68 13059
28.69 12943
28.70 12948
28.71 12875
28.72 12594
28.73 12537
28.74 12431
28.75 12304
28.76 12097
28.77 12027
28.78 11904
28.79 11852
28.80 11953
28.81 11565
28.82 11661
28.83 11302
28.84 11286
28.85 11211
28.86 11119
28.87 10976
28.88 10935
28.89 10800
28.90 10711
28.91 10551
28.92 10625
28.93 10294
28.94 10200
28.95 10147
28.96 10076
28.97 10031
28.98 9867
28.99 9786
29.00 9707
29.01 9412
29.02 9396
29.03 9346
29.04 9308
29.05 9185
29.06 9182
29.07 9068
29.08 8995
29.09 8976
29.10 8725
29.11 8842
29.12 8565
29.13 8383
29.14 8340
29.15 8482
29.16 8392
29.17 8121
29.18 8115
29.19 8032
29.20 7945
29.21 7704
29.22 7762
29.23 7558
29.24 7680
29.25 7595
29.26 7394
29.27 7669
29.28 7255
29.29 7274
29.30 7094
29.31 7073
29.32 7157
29.33 6950
29.34 6832
29.35 6876
29.36 6722
29.37 6680
29.38 6760
29.39 6627
29.40 6421
29.41 6384
29.42 6460
29.43 6355
29.44 6247
29.45 6021
29.46 6098
29.47 6042
29.48 5970
29.49 5803
29.50 5874
29.51 5787
29.52 5558
29.53 5664
29.54 5601
29.55 5554
29.56 5520
29.57 5369
29.58 5225
29.59 5304
29.60 5276
29.61 5300
29.62 5220
29.63 5012
29.64 5018
29.65 4901
29.66 4847
29.67 4853
29.68 4869
29.69 4635
29.70 4635
29.71 4561
29.72 4459
29.73 4489
29.74 4506
29.75 4461
29.76 4389
29.77 4407
29.78 4235
29.79 4409
29.80 4189
29.81 4167
29.82 4082
29.83 4015
29.84 4021
29.85 3901
29.86 3996
29.87 3940
29.88 3778
29.89 3768
29.90 3846
29.91 3786
29.92 3689
29.93 3652
29.94 3661
29.95 3615
29.96 3557
29.97 3396
29.98 3456
29.99 3320
30.00 3341
30.01 3382
30.02 3229
30.03 3231
30.04 3192
30.05 3064
30.06 2997
30.07 3089
30.08 3015
30.09 2979
30.10 3000
30.11 2893
30.12 2841
30.13 2864
30.14 2775
30.15 2793
30.16 2693
30.17 2797
30.18 2728
30.19 2660
30.20 2783
30.21 2651
30.22 2537
30.23 2475
30.24 2545
30.25 2541
30.26 2464
30.27 2454
30.28 2414
30.29 2311
30.30 2273
30.31 2270
30.32 2279
30.33 2190
30.34 2286
30.35 2204
30.36 2127
30.37 2197
30.38 2053
30.39 2113
30.40 2082
30.41 1988
30.42 2041
30.43 2004
30.44 1968
30.45 1933
30.46 1898
30.47 1765
30.48 1822
30.49 1854
30.50 1786
30.51 1803
30.52 1754
30.53 1763
30.54 1679
30.55 1640
30.56 1648
30.57 1557
30.58 1574
30.59 1587
30.60 1568
30.61 1516
30.62 1539
30.63 1473
30.64 1463
30.65 1575
30.66 1442
30.67 1480
30.68 1370
30.69 1430
30.70 1373
30.71 1379
30.72 1358
30.73 1322
30.74 1292
30.75 1258
30.76 1251
30.77 1197
30.78 1272
30.79 1242
30.80 1186
30.81 1183
30.82 1165
30.83 1150
30.84 1113
30.85 1164
30.86 1058
30.87 1076
30.88 1040
30.89 1009
30.90 978
30.91 1062
30.92 1017
30.93 1001
30.94 928
30.95 981
30.96 943
30.97 968
30.98 893
30.99 887
31.00 876
31.01 874
31.02 903
31.03 856
31.04 777
31.05 876
31.06 764
31.07 779
31.08 840
31.09 826
31.10 798
31.11 774
31.12 751
31.13 732
31.14 749
31.15 710
31.16 743
31.17 702
31.18 707
31.19 665
31.20 668
31.21 648
31.22 698
31.23 649
31.24 587
31.25 644
31.26 593
31.27 607
31.28 589
31.29 541
31.30 544
31.31 517
31.32 540
31.33 538
31.34 536
31.35 587
31.36 523
31.37 521
31.38 504
31.39 471
31.40 442
31.41 444
31.42 471
31.43 450
31.44 454
31.45 441
31.46 405
31.47 437
31.48 420
31.49 429
31.50 433
31.51 422
31.52 398
31.53 419
31.54 384
31.55 357
31.56 339
31.57 369
31.58 389
31.59 371
31.60 310
31.61 366
31.62 309
31.63 306
31.64 298
31.65 295
31.66 301
31.67 310
31.68 299
31.69 284
31.70 310
31.71 271
31.72 261
31.73 268
31.74 254
31.75 259
31.76 207
31.77 231
31.78 236
31.79 234
31.80 217
31.81 220
31.82 235
31.83 248
31.84 201
31.85 186
31.86 227
31.87 222
31.88 176
31.89 218
31.90 207
31.91 184
31.92 208
31.93 158
31.94 181
31.95 211
31.96 175
31.97 168
31.98 161
31.99 139
32.00 171
32.01 159
32.02 165
32.03 160
32.04 145
32.05 140
32.06 144
32.07 129
32.08 116
32.09 116
32.10 113
32.11 121
32.12 128
32.13 115
32.14 110
32.15 103
32.16 109
32.17 94
32.18 96
32.19 90
32.20 80
32.21 99
32.22 88
32.23 74
32.24 80
32.25 99
32.26 74
32.27 101
32.28 82
32.29 72
32.30 68
32.31 79
32.32 72
32.33 65
32.34 73
32.35 72
32.36 75
32.37 60
32.38 71
32.39 64
32.40 64
32.41 65
32.42 52
32.43 65
32.44 68
32.45 62
32.46 59
32.47 51
32.48 56
32.49 64
32.50 41
32.51 46
32.52 44
32.53 52
32.54 47
32.55 46
32.56 49
32.57 36
32.58 51
32.59 50
32.60 43
32.61 34
32.62 35
32.63 40
32.64 38
32.65 25
32.66 25
32.67 36
32.68 35
32.69 39
32.70 36
32.71 27
32.72 27
32.73 31
32.74 29
32.75 32
32.76 28
32.77 25
32.78 28
32.79 19
32.80 20
32.81 25
32.82 19
32.83 18
32.84 14
32.85 19
32.86 24
32.87 17
32.88 15
32.89 20
32.90 11
32.91 19
32.92 17
32.93 16
32.94 12
32.95 12
32.96 10
32.97 19
32.98 15
32.99 13
33.00 7
33.01 13
33.02 10
33.03 11
33.04 5
33.05 12
33.06 11
33.07 9
33.08 7
33.09 4
33.10 7
33.11 12
33.12 3
33.13 4
33.14 7
33.15 11
33.16 11
33.17 9
33.18 5
33.19 8
33.20 7
33.21 4
33.22 12
33.23 4
33.24 5
33.25 6
33.26 2
33.27 5
33.28 3
33.29 3
33.30 3
33.31 3
33.32 7
33.33 7
33.34 5
33.35 8
33.36 2
33.37 2
33.39 7
33.40 1
33.41 2
33.42 2
33.43 1
33.44 1
33.45 5
33.48 5
33.50 2
33.51 1
33.52 3
33.54 2
33.57 1
33.58 1
33.61 2
33.62 2
33.63 1
33.64 3
33.65 2
33.66 1
33.67 2
33.68 2
33.69 2
33.78 1
33.81 1
33.83 1
33.87 1
33.92 1
34.15 1
