+07.419 -03.074 -09.927
+03.931 +08.995 -05.922
-06.336 -08.698 +01.694
-05.576 -03.598 -09.399
+00.546 -06.752 +07.534
+01.832 +09.523 +01.255
+04.616 -05.155 -02.209
+07.310 +07.376 -08.094
+02.259 +00.508 +02.376
-03.018 +02.692 -06.890
-09.688 -02.043 -03.541
+08.529 -01.029 +08.119
+03.951 -00.288 -08.537
+08.890 +09.109 -03.214
+01.518 +07.069 -01.987
+04.018 -03.002 +03.239
+01.878 -04.377 +02.366
+01.462 +05.064 +02.474
+00.037 -07.053 +07.289
-05.499 +04.566 +00.513
+09.782 -02.820 -01.081
-09.979 +04.015 -04.865
+04.250 +07.439 +07.590
+08.606 -07.218 -06.754
+09.403 -00.091 +01.235
-04.230 +02.962 +01.149
+08.194 -04.491 -05.564
+02.265 +07.727 -08.608
+07.446 +03.196 +08.957
+00.096 +01.879 +07.921
+01.677 +06.461 -08.121
-05.306 -07.985 +00.491
+06.341 -09.910 -04.821
+05.415 +01.143 -00.185
+01.815 +00.681 +03.295
-06.934 -06.984 -05.005
-03.303 -03.632 +05.958
-01.935 -08.838 +01.343
+00.333 -01.342 +08.424
+08.316 +04.498 +05.649
-07.874 +03.563 -03.567
-02.242 -04.711 -01.916
+07.071 +00.221 +04.334
+07.375 +06.627 -04.824
+06.408 -08.293 +05.545
-01.451 +07.741 -06.973
-08.724 -01.408 -00.549
-08.925 +05.261 -08.323
+01.762 +09.857 -04.407
-03.979 +05.443 +04.772
-01.024 -09.392 +02.223
-05.187 -08.548 -00.259
-04.214 +07.035 +01.849
+09.227 +02.501 -03.247
+05.101 +03.034 -01.517
+08.581 -07.114 +04.748
-06.782 -06.486 -02.349
-07.181 +08.943 +08.370
-09.881 -04.960 -05.504
-08.114 -07.597 +07.213
+08.981 -01.662 +00.645
-08.567 +00.460 -02.160
+05.606 +07.449 -05.679
+00.822 -08.969 -02.803
+04.995 -07.615 -04.069
-01.409 -03.759 +01.051
+06.685 +06.482 +08.094
+03.838 +08.430 +01.259
+03.754 -03.448 -08.208
+05.253 -02.841 +07.327
+00.781 +07.057 -09.400
-01.971 -05.146 -08.394
+02.663 -09.302 +05.766
-05.000 -01.902 -08.253
+00.506 +06.152 +08.535
-01.312 +04.722 +04.517
+06.119 -06.801 -07.002
+01.325 +09.550 -06.380
-05.277 -05.548 -08.279
-07.830 +07.977 -00.427
+07.055 -09.541 -06.687
-08.305 +01.167 +03.865
+04.491 +02.759 +03.148
-02.495 +09.916 -07.086
+06.119 +09.204 +03.054
+04.632 -06.904 -09.151
-05.339 -00.264 +05.142
-04.466 -08.460 +09.633
+00.217 -06.445 -01.414
+03.277 +05.296 +05.587
-06.669 -09.442 +01.557
+08.833 -01.143 -07.544
+02.883 +03.273 -09.482
-01.811 -09.285 -08.331
-08.009 -04.047 -04.436
+07.448 +00.009 +01.989
+00.372 +00.206 -07.827
+04.802 +09.600 +04.344
+06.128 -01.370 +08.879
+07.554 +02.851 +05.183
+06.902 -06.927 -08.531
-04.961 +01.984 +04.022
-09.039 -01.683 -09.115
-07.711 +09.672 -00.006
+04.686 -04.555 -01.783
+01.849 +05.276 +05.169
+09.211 +09.527 +04.656
+02.858 +03.456 -06.556
-07.459 -06.140 +09.134
+09.934 +02.382 +05.622
-00.081 +02.711 -05.320
+08.961 -01.879 +05.784
+04.866 -08.346 -02.439
+02.856 +08.953 +09.345
-09.395 -05.775 +04.408
-08.165 +00.732 +06.834
-04.562 -04.285 -01.403
-06.744 -01.908 +06.875
+06.004 -03.955 -03.940
+08.765 -07.088 +04.427
-05.397 -00.336 +09.016
+08.391 +09.610 +08.098
-00.155 -04.675 -00.406
-01.233 +02.445 -05.160
+03.194 -05.687 +07.226
+02.812 -03.738 -03.275
+05.879 +08.586 +06.870
-02.696 +09.876 -05.504
-02.474 +09.467 -07.253
-06.861 +04.412 -07.690
+08.094 +08.833 +04.276
+03.939 +01.131 +09.935
+04.223 -02.496 -05.952
+03.140 +07.516 +06.922
-03.548 -04.153 +08.785
-06.967 +05.311 -02.865
-06.246 -04.642 +02.182
-02.740 +05.961 +05.961
-04.655 +09.945 +09.399
-09.344 +06.575 -05.878
+04.160 -06.645 -08.510
-02.555 -05.792 +03.025
-01.483 +09.489 -05.942
-09.262 +07.071 +00.729
-00.712 +09.287 -02.986
-02.525 -02.833 -07.276
+08.194 -09.608 +06.181
+05.517 +09.707 +00.572
+02.171 +00.706 +01.152
-05.937 +07.949 -05.321
-05.374 +05.345 +00.256
+04.399 +09.706 +00.484
+01.986 +06.187 -02.598
+09.772 +03.968 +03.434
+00.914 +07.192 +00.223
+05.417 +02.692 +07.255
-02.330 +05.727 -05.053
-03.415 -02.108 +00.462
+03.806 +02.202 -01.742
-02.462 +08.706 -05.932
+04.567 +07.197 +01.005
-06.426 +03.530 +08.774
-08.388 -02.896 +05.655
+03.548 -08.887 -02.299
+03.031 -06.563 +04.036
-00.185 -03.615 -04.808
+01.675 +04.004 +00.428
-08.821 -02.060 +01.040
+04.240 +05.762 +02.924
+09.886 +09.903 +09.953
+04.462 +01.549 -01.669
+02.213 +09.149 -01.625
+09.243 -06.523 +06.248
-03.161 +03.759 +06.044
+05.474 -04.440 -04.388
+07.556 +07.437 +02.682
-00.071 +01.793 -00.801
-02.359 +09.521 +05.308
+03.996 +04.320 +09.509
+01.833 +04.949 +01.983
-09.420 -05.652 -09.595
+02.942 -07.594 -08.192
-09.702 +09.544 +07.943
+07.649 -03.526 +00.106
-00.815 +01.460 -06.792
-02.848 +08.093 +03.796
+07.887 +02.728 -00.617
-05.735 +04.076 +03.353
+02.344 -06.615 -02.406
+05.764 +02.149 +06.778
+02.656 +09.138 +02.671
-00.116 +06.180 -06.201
+04.926 +06.114 +05.110
+08.560 -07.799 +00.461
+06.013 -09.134 +01.000
+02.028 +08.993 +00.675
+00.570 +03.678 -03.427
+05.401 -03.035 +09.967
-08.341 +01.193 -01.945
+05.001 -08.041 +01.560
+08.709 +06.362 +03.587
+04.417 +00.420 +01.001
-01.082 -06.250 +07.304
-03.266 +04.643 -00.054
-02.505 +08.939 +00.965
-07.003 +07.851 +00.470
+03.295 +05.133 -05.377
-02.890 +03.717 +09.750
-02.882 -07.439 -00.858
+09.008 -06.131 +02.405
+06.829 +07.436 +04.982
-09.020 +09.492 -07.446
-03.732 -06.095 -04.479
-03.432 -04.626 -04.518
-08.582 +07.175 -02.669
+08.411 +08.360 +05.260
-08.641 -03.072 -05.230
-02.076 +09.823 -08.490
+03.893 +04.977 +09.333
-01.858 -05.267 -04.804
-08.566 -02.190 +09.256
-04.650 -04.521 -08.194
+03.052 -07.226 -02.697
-08.879 +04.296 +03.210
-00.998 -01.823 -08.260
-01.911 -01.413 +05.758
+00.836 +09.878 +01.694
+08.911 -06.185 -07.475
+06.390 +04.036 +06.086
-04.110 +03.601 +09.085
+09.921 -00.629 -06.372
-04.140 -02.468 +01.168
+09.131 +05.215 +00.337
+02.359 -02.204 -06.630
+08.696 -01.834 -07.265
-02.651 -09.877 +05.857
-03.585 -01.849 -08.351
+00.082 +00.931 +06.268
+06.776 +05.368 +05.116
-05.059 +04.704 -04.999
+01.251 +07.112 +05.430
-09.982 -07.480 +05.759
+08.876 -06.421 -00.861
+02.959 +07.185 -09.817
-01.744 +01.768 -07.594
-01.486 +03.555 +00.665
-04.145 -08.200 -06.624
+00.922 -08.134 +03.203
+03.997 +06.502 +08.555
-01.328 +01.401 +07.378
+02.581 +05.800 -09.363
+08.804 +05.595 +06.694
+02.734 -02.018 -01.054
+05.048 -06.788 -09.045
-09.027 +02.023 +07.469
+02.298 -08.504 +06.440
-03.684 +08.735 +05.751
+01.697 -07.858 +02.838
-07.627 -05.514 +04.970
-06.758 -05.550 -00.347
+07.525 +03.977 -05.813
+09.251 -07.194 +04.280
+02.286 -01.059 -06.406
+07.276 +00.642 +00.269
+09.273 +05.671 -00.921
-05.701 +03.842 +02.239
+06.716 -06.367 -03.680
+03.448 -05.687 +03.146
+00.857 +02.039 +01.869
-03.519 +00.537 -04.837
+00.942 -08.037 -05.434
-07.116 -04.939 -01.507
+03.145 +07.889 -05.282
-09.533 -02.474 -05.590
-06.212 -05.704 +08.462
+03.296 -02.977 +07.913
-08.205 +09.804 -05.746
+03.203 -07.099 +09.089
+08.511 -06.277 -04.428
+08.290 -00.888 -00.516
-02.682 -09.814 +06.752
+01.896 -06.810 +08.439
+07.087 +09.623 +08.810
+03.168 +00.565 +01.882
-06.538 +09.321 +09.627
+09.812 +09.590 +03.575
+02.523 -02.632 +08.982
-05.300 +04.268 -06.057
-07.672 +05.359 -07.094
+06.436 +04.931 -07.853
+01.284 +04.350 +00.154
-07.484 +01.189 -04.803
+09.036 -06.987 +02.594
+04.826 -07.935 -07.309
+01.273 +06.980 +00.119
-04.247 +04.209 -06.281
+04.529 +03.155 +04.286
-01.813 +09.072 +05.926
+00.759 -02.331 +07.063
+07.268 -08.825 +06.317
-06.510 +08.274 +06.615
-01.315 -00.249 -05.125
+08.447 +07.919 +07.686
+02.425 +00.902 -05.374
+08.618 -07.241 -09.599
+08.641 -02.080 +03.270
-09.977 -02.670 -00.782
-02.125 -01.235 -09.456
+06.027 +07.084 -01.506
+02.403 +04.913 -08.602
+09.332 -04.704 -08.485
+08.087 +06.761 -09.318
+04.226 -09.648 +02.118
-01.625 +07.848 -03.613
+00.358 -09.430 +09.100
-09.282 -02.712 -07.259
-05.251 -01.032 +06.048
+08.823 +06.491 +03.167
-08.614 +00.398 -09.606
+03.285 -08.420 -00.779
+08.386 -09.003 -05.779
+01.356 -05.076 +04.659
-09.783 -01.689 -03.522
-04.811 -04.205 +07.701
+01.026 -02.717 +04.942
+03.449 +07.150 -02.359
-06.403 +05.003 -02.445
+05.073 +07.987 +08.308
+05.179 +07.771 -00.442
-06.077 -02.082 +05.420
+08.854 +07.183 -04.981
+07.901 +06.168 +06.837
+00.522 +01.248 -08.269
+01.336 +00.164 -01.481
-07.251 -07.409 +04.010
+07.144 +06.745 +06.001
-03.456 -02.984 -05.989
-09.227 -07.558 +09.226
-03.603 -03.794 -00.547
+02.310 -04.708 -05.306
-03.094 -04.942 -03.037
-04.760 +07.117 -04.953
+03.272 -05.235 -03.262
+05.093 -05.312 -07.226
-07.110 +00.809 -07.242
-00.746 -05.855 -09.925
+00.636 +09.493 -05.858
+05.667 +01.771 +09.502
+03.671 -04.930 -07.848
-09.829 -03.320 -00.333
+00.171 +02.335 -02.452
-04.974 +05.261 +03.454
-01.817 +01.511 +07.381
+05.429 -00.949 +01.262
-09.262 -03.353 +09.183
-04.255 -05.706 +09.078
+07.386 -08.412 +04.228
-04.187 +00.941 +00.171
-07.796 +05.053 +00.471
+01.856 +07.335 +00.516
-08.033 +04.367 -03.177
+00.268 -04.814 +02.218
+03.563 +01.703 -03.741
+03.417 -03.476 -02.826
+00.096 -05.735 +06.985
-03.515 +08.288 +05.673
-02.221 +08.210 -03.934
-06.349 +03.902 -03.957
-06.129 -01.747 -06.931
+03.601 +05.683 +02.369
+06.150 +03.656 -02.084
-07.805 +00.635 -01.348
-03.454 +07.128 +07.508
+06.811 -01.800 -00.567
+08.603 +01.596 +00.379
+02.929 +06.088 -06.838
-05.885 -04.697 +01.797
+01.323 -03.571 -06.359
-06.728 +07.231 +00.604
-01.936 -09.483 +07.029
+05.687 +01.638 -09.798
-02.201 -02.379 +02.584
+04.492 -01.190 -09.705
-00.569 -01.331 +09.662
+00.161 +04.677 -08.943
-07.122 +03.306 +08.586
+09.507 -09.677 +05.530
-08.082 -05.201 -06.412
-07.674 -01.321 +01.280
-05.216 -09.393 -03.734
+08.373 +02.096 -04.052
+08.544 +04.035 +09.177
+09.662 +07.419 -05.451
-04.776 -02.924 -06.155
+08.153 +03.701 +08.618
-06.189 -09.964 +09.559
+07.524 +02.393 -01.313
+00.858 -03.227 -09.183
-04.262 +01.398 +01.689
-09.952 -00.603 +04.345
+06.122 -01.053 +04.366
+05.235 +04.202 +04.416
+08.205 +01.028 +04.676
-02.613 -02.469 +07.196
-09.064 -03.110 +07.399
+09.590 +00.900 -09.981
-01.103 -08.293 +00.443
+09.689 +09.409 +00.083
-04.048 -03.382 -01.648
+09.742 -07.587 +04.394
+09.654 -00.055 -04.861
-04.170 -00.111 +09.555
+00.365 -05.163 -03.887
+08.322 +00.716 +08.325
-00.249 -00.942 -08.804
+05.772 -00.904 -03.216
-09.819 +04.900 -05.520
-00.482 +04.591 +06.879
+06.884 +00.999 +07.885
-00.395 +09.484 -03.828
+09.238 +03.080 +02.368
-06.562 +05.737 -07.567
-02.969 -07.394 -01.883
+01.841 +02.966 -01.368
+00.916 +02.012 -06.515
+09.619 +06.122 +01.066
+06.027 +03.164 -09.532
+04.213 -06.577 -02.312
+07.603 -07.343 +06.582
-07.963 +02.482 -09.208
+06.117 -03.130 -09.854
+00.006 -02.902 -09.527
+01.950 -03.347 +07.165
-08.289 +06.917 +08.838
-07.297 +07.082 +03.655
+05.641 +01.778 -07.030
-07.312 +07.094 -02.136
-01.259 -07.464 +08.464
+08.121 +09.717 +06.681
+01.643 +07.381 -03.077
-02.338 +05.499 -07.327
+07.600 +00.321 -08.532
-00.955 +00.473 +01.156
-04.353 +07.031 -03.891
+04.366 -04.578 -06.362
-07.763 +04.659 +05.344
+09.850 -04.037 -01.322
-05.935 +03.978 +03.783
-04.310 +07.867 +08.488
-04.070 +01.848 -09.841
-09.982 -09.301 -07.438
-03.257 -05.911 +02.416
-07.414 -06.668 -00.295
+06.086 -07.246 -05.551
+06.977 +03.056 +05.086
-08.910 -04.016 -05.958
-08.682 +04.113 +00.752
+08.873 -00.288 +02.546
-07.238 +06.764 +09.104
+02.748 -06.320 +07.723
-09.225 -02.674 -02.785
+05.136 -03.228 -01.063
+05.788 +07.242 +09.080
+02.692 -02.039 -02.008
+06.947 -00.895 -03.789
-07.029 -00.082 +09.803
-02.477 -06.121 +06.791
-04.501 +01.031 -00.330
-03.507 -06.184 -04.439
+00.176 -05.339 +05.608
-07.570 -08.934 -00.660
-09.690 -09.616 +08.682
-03.398 +00.313 +07.063
-00.924 -00.942 +02.603
-08.594 -06.299 +09.424
+07.303 +00.004 -05.525
-02.670 -05.329 +05.745
+00.915 +07.137 -02.129
+04.579 +09.923 -06.254
-07.103 -06.319 +02.301
-00.630 +07.079 +05.108
-07.947 +08.655 -05.274
+08.843 -03.953 +02.779
+06.624 +08.542 -08.552
-05.361 +07.362 +05.642
-06.994 -02.501 -02.859
+01.070 -00.230 -09.422
-07.761 +05.279 +00.465
+05.881 +02.439 -04.322
-04.950 +07.459 -07.875
+09.824 +01.616 +00.818
-07.621 -06.712 -04.558
-06.593 -06.806 -00.428
-07.211 +03.485 -08.312
+02.728 -03.757 -03.941
+01.406 -00.362 -06.050
+05.894 -09.495 -03.144
-07.753 -04.881 -06.091
-00.246 -08.186 -06.206
+00.206 -07.894 +01.585
-04.048 -08.458 -05.152
-07.080 -00.970 -07.980
-05.945 +09.074 +03.511
+01.991 +00.081 +07.600
+09.635 +08.755 +05.717
+08.219 -03.204 -09.634
+05.032 +03.680 -09.432
-07.332 +09.832 +09.369
-07.630 -01.998 +06.335
+07.726 -09.892 +01.636
+01.724 +05.325 +03.536
+07.973 +00.035 +02.009
+09.637 +06.199 +07.004
+06.952 -01.261 +01.897
-07.357 -09.844 -02.107
-05.724 -09.450 -02.495
+02.089 -05.254 +06.347
-06.098 +07.799 +04.981
+09.425 -01.553 +05.769
-07.250 -06.492 -09.300
-09.085 +04.063 -07.169
-02.226 -02.816 -04.556
+06.423 +02.497 +04.519
-09.813 -06.847 +03.806
-04.626 +07.703 -03.462
+09.017 -02.200 +05.698
-05.116 +05.242 -05.286
-02.439 +00.191 +00.236
-02.648 -03.766 -09.335
+02.734 -07.976 -00.423
+03.588 -06.267 +09.937
-07.457 +01.790 +03.611
+00.163 -02.009 -08.888
-01.641 -08.980 -09.165
-05.029 +00.851 +03.809
+09.460 -03.340 -02.544
+07.217 -06.457 +08.032
-06.292 +01.016 -05.786
+05.832 +04.153 +00.765
-00.019 +04.277 -01.150
+02.172 -06.834 +06.632
+04.891 -07.975 +01.464
-00.230 +05.885 +08.016
+02.613 -01.383 +05.720
+06.792 +02.340 -01.860
-00.320 +01.895 +01.140
-00.390 -01.548 +09.006
-00.711 +08.406 -03.591
+00.588 +02.878 +00.821
+00.094 +08.628 -09.383
-03.740 +03.574 -02.573
-00.286 +01.723 +02.261
+07.513 +05.949 -04.990
-05.781 +04.081 +08.397
-05.346 +06.913 -08.693
+01.163 -08.682 -09.376
-02.975 +06.000 -02.463
+06.469 -06.645 +02.458
+04.698 -08.240 +03.485
+00.436 +04.010 -08.840
-00.893 +06.275 -07.374
+08.746 +03.424 -02.944
+03.073 +07.562 -08.994
-01.202 -02.016 +02.168
-03.136 -01.126 +04.651
-00.118 +07.783 -01.151
-08.540 -00.347 +06.583
+08.090 -09.327 +00.577
+07.777 +03.724 -04.552
+06.761 -00.578 -09.681
-04.517 -03.705 -01.639
-03.555 +02.341 -08.285
-09.082 -01.463 -02.841
-09.200 -02.148 -09.134
-02.522 +04.734 +08.577
+07.384 +07.897 -04.582
-04.042 -01.223 -07.108
+07.552 -04.544 +09.885
-00.866 +06.390 -08.801
+02.858 +02.654 -05.644
+05.503 +09.512 -06.661
-08.292 +07.635 +07.448
+03.005 +06.317 +06.285
+03.466 +05.242 +05.213
+05.620 +09.799 -03.743
-01.585 -01.948 -05.556
-00.238 -08.587 +03.556
-02.521 -06.359 +05.497
-04.000 -04.319 -02.961
-07.882 +01.169 +09.545
+07.053 +06.834 +03.479
+02.015 +05.270 -00.321
+06.005 -08.915 +05.700
+06.566 -05.385 -06.500
+09.135 +09.158 +02.387
-02.652 -08.364 +03.664
-09.820 -03.396 -01.795
-04.974 -07.406 -09.012
-05.153 +01.716 +08.713
-04.762 -00.374 -04.945
+07.940 +08.326 -01.014
-03.543 +01.819 -03.438
-04.527 -06.436 -00.259
+07.588 +03.057 -08.865
-06.822 +00.478 -00.953
+01.745 -09.427 +00.028
+08.543 -07.227 -07.443
+08.226 +08.831 +00.022
-04.117 +08.325 +00.579
-07.469 -01.804 -08.717
-04.037 -09.410 -09.679
+08.606 -05.886 +08.284
+06.942 +06.492 +04.989
-06.657 -00.318 +07.180
-08.652 -05.140 +07.059
+04.743 -08.036 -00.767
+05.601 +03.293 +06.482
-02.837 -07.855 -02.591
-03.145 -00.113 +04.387
-06.908 +08.837 -02.929
+00.796 -07.097 +00.440
-08.346 -02.041 +00.876
-03.377 +09.025 +02.848
-02.035 +02.890 -05.316
+01.652 +04.026 +08.600
-08.320 -07.500 -04.022
-07.443 -01.593 -03.492
+04.403 +05.600 +08.914
+06.586 +07.890 -07.579
+08.657 -04.150 +08.734
+03.394 -04.898 +06.209
+08.780 +00.747 +04.101
+05.124 -03.140 +05.031
+01.641 -07.705 +01.338
+03.476 +06.540 -03.972
-00.512 +05.932 -01.968
-05.991 +08.711 +09.037
+05.224 +05.616 +04.524
+01.689 +02.385 -07.545
-08.222 +04.472 -06.919
+08.592 +00.649 +09.284
+07.662 +06.090 -02.393
+05.967 +08.177 -02.561
-01.431 +03.510 +06.653
-01.749 +00.168 +00.572
+00.960 +03.749 +00.814
-08.629 -06.383 -08.405
-02.727 -00.478 -00.919
+03.916 +04.382 -05.804
-03.087 -06.996 -02.552
-08.168 -09.336 +09.870
+03.417 -08.440 -01.108
+00.133 +05.309 -05.005
-05.768 +05.445 +09.051
+08.912 -04.539 -05.691
-06.929 +09.695 +02.798
+04.990 -03.044 -00.051
-09.952 +01.876 -08.245
+00.903 -06.745 +03.166
+09.860 +03.876 +05.580
+09.378 -06.698 +06.567
+07.736 +07.004 +00.692
+07.172 +01.851 +01.633
+05.578 -09.813 -02.764
+01.906 -01.824 -03.280
+04.522 +07.133 -01.595
+09.685 -02.159 +00.348
+07.399 +05.412 +04.639
+01.095 -01.274 +02.202
+04.267 -02.452 +09.215
+07.730 +09.040 -00.827
-03.107 +02.073 -09.939
-08.275 -03.864 +07.021
-08.692 -04.330 -05.167
+05.255 +02.229 -03.942
-01.494 +06.101 +04.829
+03.466 -03.808 -01.799
-03.138 -09.976 -04.781
+00.150 +01.491 -07.929
+06.617 +09.941 +09.364
+03.493 -02.418 -01.864
-02.254 +04.050 -08.285
+01.187 -01.505 -04.086
-00.608 -08.417 -04.539
-06.847 -03.056 -07.888
-05.411 +03.230 -04.860
-06.692 -07.888 +05.174
-02.632 -07.076 +09.786
-09.553 -02.757 +07.768
+05.629 +05.218 +00.352
-03.685 -09.381 +04.905
+03.040 -02.287 +06.480
+02.598 +02.616 +03.167
-03.962 -06.645 +04.529
+00.995 -03.137 +02.889
+09.512 +09.166 +04.984
-06.365 +07.363 -01.128
+08.559 +03.195 +03.894
+03.933 -00.581 +02.913
+02.271 -02.934 -00.792
+03.537 -05.515 -00.077
-02.388 -06.708 +07.581
-02.733 -08.553 -09.005
-05.216 -03.606 -00.549
-06.950 -06.470 +04.533
+00.236 -07.428 -07.587
-05.728 +02.275 -00.079
-01.508 -08.647 -03.028
-04.645 -02.167 +07.095
+01.914 +09.336 +07.063
+09.898 -00.649 -05.064
+09.010 +00.209 -09.687
+05.795 -01.669 -09.370
+05.697 -03.844 +08.354
+04.142 +00.488 +00.874
-07.632 -00.762 -01.665
+09.749 -05.846 +02.794
+07.376 -02.570 -01.111
-05.447 -07.443 +02.125
+06.798 +08.479 +01.576
-04.533 -02.414 -07.615
+01.223 -07.241 +08.995
+04.718 -05.385 -04.987
+01.594 +07.755 -05.748
-08.328 +05.162 +03.559
-04.337 +03.762 +08.809
-08.570 +06.971 +03.143
+05.718 +02.140 -08.054
+02.350 -01.232 +07.722
-02.123 -06.592 +09.219
+04.849 -04.144 -04.122
+00.714 +04.523 +03.046
-03.201 +00.451 +01.587
+07.514 +00.329 -07.697
-01.725 -07.851 -09.053
-07.138 +06.560 +07.714
-00.931 -04.045 +08.406
-05.792 -08.981 -05.001
+08.248 +08.352 +02.187
-08.128 +09.389 -07.794
-02.128 +07.621 -01.271
-00.640 -03.394 -04.023
-09.613 +01.905 +02.631
+01.713 +07.283 -05.643
+01.296 +03.417 +07.265
-04.346 -06.053 +06.545
+00.142 -09.827 +00.311
+05.876 -01.154 +00.942
-07.792 -07.817 +05.438
-05.610 -08.562 +07.496
-07.366 -03.544 +07.533
-01.170 +07.035 -09.270
-04.609 +04.011 +03.567
+04.539 -00.783 +07.761
-08.282 +02.942 +00.685
+03.492 -06.626 +04.261
+08.102 -09.800 -02.502
+02.326 +02.025 +08.284
+05.876 -08.562 +05.036
-01.338 -08.887 -06.549
-08.110 +04.037 +07.780
+09.671 +02.468 -04.523
+02.610 -00.052 -05.041
+02.036 -00.329 +01.058
-04.896 -05.061 +05.917
-08.507 -00.701 -09.880
+09.725 -06.866 +03.978
-06.248 -02.224 +00.974
-09.982 -06.698 -04.005
+02.913 +06.295 -08.591
+06.770 -00.587 +03.681
-05.953 +03.787 +08.742
-08.852 -03.962 -07.896
-02.141 +07.565 +02.593
-05.140 +00.438 +02.898
-08.631 -09.813 -05.095
-09.917 -00.992 -01.688
+04.540 -00.981 -01.194
+02.095 +09.033 +02.053
-00.058 +02.389 -04.166
-07.762 +07.673 +06.823
-02.437 -09.247 +01.970
+05.321 +04.718 -06.474
+06.442 +03.687 +07.596
+08.448 +00.704 -06.760
-03.802 -03.476 -08.869
-06.183 -09.719 +05.630
+08.802 -04.542 -06.133
-05.691 +01.477 +08.066
-06.356 -03.022 +08.738
-09.929 -08.254 +08.557
+04.609 -00.773 -02.812
-04.792 -08.534 +07.564
-06.902 +00.570 +01.106
-02.911 +06.611 +07.455
-05.980 -07.940 +07.565
-07.252 -05.151 -04.319
-07.594 -03.828 +08.110
+00.836 -01.250 -05.441
+01.684 -04.545 +04.692
-09.425 +00.920 +03.183
+04.558 -02.690 -09.383
-07.854 +00.133 +02.874
+08.116 -06.300 -05.972
+00.297 -03.324 -09.625
+07.417 -04.337 +00.690
+09.818 +08.996 -09.631
-06.585 -05.228 +04.274
+05.527 +08.775 -03.671
+01.789 +00.034 -05.290
+07.002 +09.991 +04.100
+00.459 -00.077 -01.922
-05.867 +00.188 -01.557
+02.643 -04.621 +09.910
+08.403 -08.939 +05.794
-06.384 -04.795 +00.286
-00.056 +07.216 -07.354
+06.218 -01.843 -01.050
+05.996 +04.661 +02.739
+07.692 +09.024 -01.246
+07.121 -08.647 -02.199
OAOAOA+05.192 +07.557 -06.133
+04.670 +07.261 +09.530
+09.595 +06.338 -07.366
+02.179 +03.583 +05.011
-09.929 +07.936 -06.584
-08.575 -00.376 +04.479
-03.331 -04.873 +04.255
+05.070 +08.764 -05.403
+01.723 -01.633 -07.155
+02.380 +08.688 +02.428
-01.915 -00.879 +08.006
-06.363 +05.097 -06.458
+01.787 -09.663 +04.876
-01.386 -09.648 +08.631
-08.076 +09.632 -04.765
-01.916 +03.295 -04.163
+02.308 -08.261 -08.616
+01.730 +08.346 -09.874
+01.834 +06.039 -07.212
+03.740 -00.905 -04.258
+01.763 -04.956 -02.371
-09.045 -00.330 +05.202
+05.633 +04.097 -00.543
-04.774 +06.718 -09.665
+02.314 -08.690 +02.093
+01.927 -09.120 -01.977
-09.665 +00.226 -02.128
+01.373 +09.970 -07.187
+03.280 +03.667 -03.381
+03.628 +01.325 -09.833
-03.225 +08.971 -00.591
-07.979 -00.408 -00.139
+07.570 +06.885 -02.850
-08.473 +09.610 -08.505
-08.261 -08.926 +04.154
+02.985 -04.030 +03.751
+07.835 -01.051 +01.635
+00.886 +05.676 +01.533
+08.111 -06.118 +06.971
+00.561 +04.759 -07.473
-06.174 -01.508 -02.341
+09.951 +01.113 -02.599
-09.657 +05.591 +04.795
-06.794 +03.767 -02.887
+08.345 -08.369 -05.101
+04.879 +00.833 +00.205
+03.133 -04.582 +07.941
-06.260 -04.719 -00.450
+07.596 -08.753 +09.920
-01.025 -08.037 +04.570
-01.832 +08.587 -04.857
+01.472 +00.676 -01.263
+05.100 -06.626 -08.656
+00.096 -09.691 -06.079
-03.865 +03.426 +04.960
+06.773 +03.259 -02.429
+02.030 +00.118 -03.966
+05.580 -01.892 -05.883
-01.312 +05.083 -08.945
-07.780 -05.097 +09.900
-03.161 +03.612 -09.683
-03.232 -05.441 +02.977
-03.500 -04.630 +02.529
+09.035 +07.793 -00.607
+06.590 -03.050 -09.004
-05.045 -07.983 +09.896
-06.061 -03.062 -00.804
+08.140 +06.210 -02.899
+02.430 -09.256 +02.057
+01.433 +02.582 +09.138
+09.670 +07.245 +00.609
+06.843 -04.933 -00.497
-02.726 -06.373 -08.841
+09.111 +03.005 -03.402
-07.551 +07.273 -01.991
+06.193 +05.934 +05.498
-07.631 +08.157 -01.106
-02.462 -09.110 -03.195
-00.944 +06.158 +00.600
+07.245 +02.643 -07.522
-07.845 +08.757 +04.993
-06.282 +01.959 -07.750
+02.384 +07.326 -09.995
-02.076 -04.285 -09.301
+02.886 -04.653 -05.750
-07.659 -08.507 +05.559
+05.317 +08.876 +01.492
-09.112 -07.762 +01.059
-00.080 -03.652 -08.464
-02.526 -00.091 -03.741
-06.937 -02.940 -04.624
-09.043 -02.721 +05.937
-09.856 -04.321 -02.910
-04.580 +05.259 +03.578
-02.882 +08.197 +09.580
-06.312 -03.272 -03.108
+04.315 +00.340 +01.928
+00.093 -04.904 +00.352
+00.702 -02.911 +03.511
+03.222 -03.461 +08.233
+04.584 -03.705 +08.113
-02.052 -03.309 -08.891
+01.632 -05.366 +03.623
+08.228 -00.384 -02.240
+04.383 +07.557 -09.086
-04.866 -05.050 -05.861
+01.152 -00.840 +06.353
-09.307 +00.693 -02.404
-06.850 +00.419 +06.729
-04.335 -08.678 +00.011
-04.405 -05.986 -09.749
+02.957 +07.583 +06.879
+02.460 +06.272 -09.201
-05.258 +07.421 -02.428
-08.313 +09.381 +01.102
+01.925 -01.130 -02.613
+02.002 -00.122 +03.851
+07.398 -04.302 -01.170
-03.485 +03.225 +07.676
-03.680 +06.206 -09.743
+09.967 -05.579 +02.916
+03.524 -09.815 +01.852
+03.656 -05.116 -06.987
+02.263 +01.165 +05.055
+02.376 +07.654 +09.628
-04.012 +06.291 +07.355
+02.067 +01.099 +08.543
-05.604 +03.019 -01.783
-07.404 -03.317 -01.630
-05.233 +01.347 +00.850
-00.370 +05.775 +06.872
-09.773 +01.044 -07.566
+01.679 -00.436 -07.652
-04.484 -06.937 -00.832
-01.395 -07.594 -07.026
+07.701 +08.503 -05.165
+01.740 -08.758 +09.319
+08.378 +08.816 -01.622
-00.736 -09.362 -07.640
+09.942 +02.947 +09.578
+09.584 +04.972 +08.370
+00.183 +09.426 +05.949
-04.537 -00.601 -08.708
+01.404 -01.588 -05.448
-04.121 -09.105 +05.254
+03.175 -03.406 -08.520
+04.708 -09.565 +09.475
-00.873 +07.168 +02.679
-06.408 -01.810 -03.767
+07.000 +09.842 +03.716
-05.758 +06.048 +06.896
-02.682 -08.654 +00.025
+05.089 +00.688 -09.324
-04.504 +02.004 +01.296
-02.378 -06.929 -00.759
-07.451 -00.137 -00.593
+09.425 +07.613 -03.012
-01.352 -02.658 -05.921
+08.172 -04.291 +00.050
-05.076 +09.741 +08.008
+00.675 +05.244 +02.500
+01.174 -08.879 +00.226
+05.402 -05.083 +08.176
+08.389 +02.743 -02.144
-03.891 -03.154 +01.066
+08.807 -03.277 -07.686
-03.402 +07.580 -03.524
-05.590 -03.154 +09.278
-08.132 -02.114 -03.271
-01.135 +05.847 +05.926
+01.752 +01.089 +03.186
+02.931 +05.436 +04.291
-07.089 +10.000 +04.923
+07.078 +03.144 +09.474
-02.097 +02.538 -05.772
-02.421 +09.354 +06.425
+07.205 +09.943 -09.920
+00.594 +06.010 -03.165
-00.393 +07.133 -07.807
-05.947 +02.000 -08.540
+01.021 -09.437 +01.146
+00.116 -08.135 +07.201
-06.561 -08.979 +03.532
-04.858 -00.672 -09.325
-05.444 -02.609 -06.955
+03.924 -02.621 +06.106
-07.258 +09.670 +01.075
+02.070 +03.830 +08.532
+08.342 -00.565 -04.106
-06.271 -05.929 -00.830
-05.262 -03.684 -00.555
-01.476 +09.796 +05.651
+04.226 +06.362 +04.083
+03.246 -07.419 +09.018
+05.030 -00.699 +09.383
+01.429 +02.396 -06.689
-01.576 +09.175 -09.118
-05.275 +05.222 +07.287
+06.017 +06.517 -01.478
-03.353 +05.418 -05.556
+09.670 +07.145 +06.910
+04.473 -08.735 +02.585
-01.512 +02.703 +01.368
+04.779 +04.457 -01.346
-01.728 +09.220 -04.176
+09.360 -09.824 -03.072
-03.062 -02.648 -07.618
-04.555 -09.234 +08.976
+08.295 -07.648 -03.489
-04.315 -03.820 -06.520
-08.197 -01.249 -07.952
-08.925 -01.620 -01.379
-08.151 -08.979 +05.812
-04.817 -03.173 +02.954
-00.964 -09.298 +00.541
+08.111 -04.597 -09.674
-03.451 -02.687 +07.718
+00.471 +03.144 -01.443
+00.468 +07.890 -09.123
+06.747 +02.232 +01.159
-03.546 +02.162 +05.234
-08.000 +03.788 -01.888
-08.466 -06.250 -06.436
-01.189 +04.402 +07.714
-02.350 -03.866 +03.667
-09.304 -08.296 +06.069
-06.113 +03.915 -01.693
-05.921 -08.695 -06.425
-01.898 +00.575 +03.585
+06.095 -09.879 -01.876
-05.444 +08.450 -09.046
+00.005 +04.740 -02.833
+06.337 -02.897 -00.253
+03.824 -09.197 -03.824
-09.642 -08.466 +04.720
-03.564 +00.994 -06.121
+04.859 +09.896 +05.847
-03.129 -09.681 -07.241
-05.860 -08.584 -09.273
+06.938 -02.080 +08.879
+04.667 +06.643 +09.606
+04.588 +02.390 -09.270
-05.443 +01.585 -05.648
+03.308 +05.415 -01.216
-01.629 -09.322 -07.985
+02.961 +06.055 -03.630
-06.911 +00.356 +05.906
+03.035 +02.814 +03.453
+01.469 +04.185 +07.775
-02.126 -08.193 +03.116
-09.677 +00.184 +04.517
+01.416 +05.683 -06.863
+06.663 +09.132 +09.639
-00.789 +04.375 -07.584
-02.640 -09.231 -01.278
-07.601 +08.355 -02.258
+08.470 +00.190 -03.478
-06.902 -05.003 +05.136
+05.584 -02.824 -05.390
-04.122 -02.874 +03.982
-07.817 +09.481 +08.282
-01.074 +00.429 -05.548
+09.781 +02.924 +06.340
-05.703 +00.968 -03.621
+04.317 -05.977 +03.377
-01.232 +00.653 -02.779
+07.858 -00.311 +08.828
+05.816 -06.147 -07.172
-06.516 +03.540 +06.190
+09.470 +08.747 +04.280
-08.647 -07.414 +05.738
-08.512 -02.916 +07.221
-06.964 -03.187 -09.580
-01.294 -01.723 +00.687
-05.548 +02.254 +04.501
+00.929 -03.023 -04.040
+05.546 -03.126 -08.615
+04.374 -08.758 -06.684
-00.257 +02.835 -06.023
-04.038 -05.756 -07.852
-00.254 +04.099 -09.358
+09.671 +09.512 +06.703
-05.428 +03.681 +02.952
-05.644 -06.484 +07.024
-04.242 +09.988 -05.316
+09.926 +08.339 -01.429
-02.204 -02.019 -02.991
+02.445 +02.917 -03.168
+08.511 +07.316 -05.781
+08.176 -01.620 +04.136
+03.354 +00.913 +08.514
-04.298 +03.576 -03.391
-06.935 -00.816 -08.081
+04.596 +08.462 +06.075
+01.299 -02.967 +02.539
+09.473 -07.439 +04.316
+03.300 -01.295 +03.778
+09.440 -09.896 -08.302
-09.503 +01.737 -04.805
+05.014 -09.422 +09.472
+05.326 -04.859 +02.682
+06.215 +08.871 +02.469
-01.940 -01.256 -07.009
-07.666 +09.570 -03.401
+02.681 -08.930 +09.156
+05.289 +03.541 -00.323
+07.629 +06.152 +00.126
+06.176 +08.815 -02.194
-03.601 +08.287 -01.615
+07.742 +04.168 -08.291
+03.928 +02.385 -01.818
+09.496 -08.948 +06.867
-02.991 +05.614 +09.762
-01.971 -05.834 +02.875
-02.220 +06.713 -02.875
+03.173 -03.977 +06.151
+05.351 -04.688 +05.196
+03.364 +03.316 -04.868
+07.522 +02.154 -07.918
+08.021 -06.126 -01.374
+03.966 -04.282 -08.156
+05.675 -06.936 +01.203
+02.331 +02.205 +06.460
-01.216 -05.926 -09.908
+04.051 -02.128 +09.560
-01.609 +01.332 +04.797
+03.594 +03.742 -02.637
+04.151 -03.223 -03.512
-01.542 -04.310 +03.126
-04.630 +09.398 +05.729
-05.278 +02.422 +08.104
+09.835 -05.087 +01.802
-02.951 +00.933 -04.798
+00.148 +00.114 +06.269
-06.302 +00.962 +04.633
-09.272 -02.973 -06.671
+00.872 +08.398 +07.129
+00.648 +02.498 +09.588
+03.815 -05.739 +07.378
+04.273 -05.366 -02.742
-07.601 -09.496 +09.518
-01.992 +09.792 +00.056
+09.575 -07.487 +06.995
-06.345 -04.849 +00.734
-03.776 -06.743 -04.413
+01.309 -02.905 -06.031
-07.254 -03.857 +04.277
-09.276 +00.975 +04.846
-08.554 -08.739 +01.890
+00.942 -00.663 -05.971
-04.331 -02.049 +08.391
-06.899 -06.504 +04.374
-00.458 +05.005 +09.237
+06.683 -05.272 -06.082
-08.320 +02.374 +01.403
-02.685 -00.974 +07.353
-00.356 -01.643 -06.362
+09.238 +05.398 +01.986
+07.553 +07.179 -05.726
-07.181 +07.143 -01.533
+00.475 +06.956 -09.808
+02.723 +01.820 +06.773
+08.932 +01.928 -05.322
-01.036 +05.368 -06.017
-05.087 +01.455 -06.908
+02.161 -02.705 +07.238
+09.779 +04.410 -04.304
-09.859 -00.985 -04.030
-01.966 -08.443 -09.084
-06.060 +00.793 -04.742
-05.982 +05.857 -04.487
-06.490 -08.705 +03.074
-00.040 -03.512 +03.700
+05.929 +08.668 -07.387
-05.902 -06.555 -05.569
+00.996 -02.325 -07.051
+07.382 +09.205 +08.231
+04.299 +01.532 +05.036
+07.624 -07.377 -07.739
+03.608 +04.257 +08.090
-08.272 -08.931 -08.072
-06.829 -05.832 +04.804
-02.408 -05.422 +08.884
+07.883 -01.965 +08.701
-01.405 -04.740 -03.075
-06.432 +00.454 -01.038
+03.491 +08.738 +09.773
-07.876 +04.646 +08.885
+09.999 -03.108 +08.954
-03.451 +01.147 +00.736
+09.544 +01.850 -03.922
-02.422 +00.701 +05.556
-01.726 -06.421 +01.381
+06.414 +01.417 -08.795
+09.479 +00.280 +09.085
+09.687 +05.265 +03.010
+05.328 +03.674 -01.919
-00.391 -02.097 +06.102
-05.436 +08.893 -08.883
-05.262 -05.361 +01.346
+07.306 -08.331 -06.829
-00.112 +08.013 +07.420
-07.941 -05.216 -02.423
-04.647 +03.279 +06.165
-06.307 -06.206 +02.232
-07.717 +09.425 -03.076
-03.469 -03.966 +00.236
+04.881 -02.043 +08.324
+07.895 -07.811 +06.452
-08.802 +01.026 +06.190
+05.381 +05.282 +09.698
-01.274 -08.266 +03.085
-09.065 -01.526 +04.848
-01.210 +03.279 +08.159
+09.079 +02.672 +03.956
-08.267 +03.512 +05.206
+09.349 +01.817 -06.993
-08.675 +07.592 -06.900
+06.617 -03.905 +04.416
+05.709 +02.114 -07.961
-06.157 +05.736 +02.096
+04.459 +00.517 +09.714
+06.241 +08.073 +01.600
+09.907 -04.338 +04.055
+01.685 -07.270 -05.704
+05.036 -00.540 -01.174
+02.274 -06.631 -02.383
+07.461 +03.497 -03.013
+07.993 -01.918 +01.460
+09.021 +01.172 +03.865
+04.783 -02.997 -03.901
-00.494 -02.987 +03.559
-05.024 +01.891 +01.519
+01.204 -04.640 -09.130
+08.220 +04.654 +01.940
+05.263 +05.456 -01.737
-07.409 -05.851 -02.464
-05.450 -05.080 +02.284
+03.202 +08.508 +08.118
+05.891 -01.617 +04.627
+03.199 +02.141 -09.529
-07.887 -05.901 +07.339
-06.169 +05.153 -03.474
+07.753 -07.662 +08.229
+07.996 -09.734 +04.796
+02.400 -08.700 -01.446
+01.871 -09.733 +01.430
+03.621 -07.834 -00.634
+03.496 -03.324 -07.081
-01.152 +02.496 -05.435
+07.942 +07.121 +02.288
-08.172 +03.428 -08.434
+04.572 +02.712 +01.333
-09.446 -00.921 -08.560
-05.877 +05.624 +02.410
-09.160 -03.783 -08.082
+03.866 +00.036 +07.826
-03.130 +07.728 +01.441
+04.026 -02.281 -05.202
+02.437 -07.633 +06.433
+07.419 +01.949 -05.411
-07.909 -05.634 +04.189
-05.337 -04.368 +05.992
-03.917 +09.482 -00.597
-00.858 -09.108 +08.604
-06.888 -06.997 +03.063
-08.919 -00.419 +08.648
+08.191 +00.253 +03.967
+09.251 -09.757 -07.331
-04.404 +01.081 +08.719
+09.205 -05.934 -08.386
-01.330 -09.261 -08.743
+03.590 -04.457 -08.371
-06.976 -08.746 +06.684
+07.919 +08.696 -07.069
+03.972 -03.126 +09.038
-00.671 +04.789 +00.633
-06.145 +06.719 +03.653
+04.643 -04.872 -08.705
-03.294 +06.082 +03.683
+06.781 +08.949 -09.941
-09.913 -06.403 -02.026
-05.505 -08.038 +04.997
+02.278 +05.620 -04.451
+02.556 -07.579 +08.724
+02.116 +07.848 +04.104
+04.837 +07.894 -08.087
+01.812 +04.801 -02.049
-08.074 -02.870 +09.604
-05.831 +01.251 +08.448
+04.577 -09.978 -00.270
+04.013 +02.993 -09.983
-00.413 +04.496 -07.468
-03.262 +09.000 -00.357
+01.028 +03.132 +00.290
+05.434 +01.433 +03.239
+02.042 +09.579 -09.426
+04.356 -02.849 +08.309
-06.832 -05.821 -03.359
-08.970 +00.727 -07.947
-05.344 -08.661 -09.143
+01.594 +05.492 -07.570
-00.292 +08.088 +05.658
-06.048 -08.088 +05.990
-06.552 -00.972 +09.387
+01.534 +05.637 -03.695
-01.318 +07.804 -03.122
+03.754 +01.631 +00.161
-06.537 -06.818 -07.172
+04.146 +05.799 -01.934
+07.929 +04.727 -07.274
+07.543 +00.551 +07.411
-01.232 +07.978 -04.058
-01.015 -05.352 -07.203
-04.130 +05.643 -02.991
+06.179 +04.883 -06.514
-04.532 -04.794 -04.543
-03.711 +06.775 +05.777
-01.151 +05.784 +06.702
-07.189 +00.014 -04.658
+04.346 -02.971 -08.953
+06.750 +00.494 +07.067
-03.892 +03.995 -06.763
+06.974 +05.899 -06.627
+07.178 +06.001 +00.374
-01.586 +09.204 +02.464
+07.429 +07.416 -04.832
-01.695 -07.737 +06.532
+01.740 +09.527 +05.952
+02.724 -08.325 +03.499
-01.974 -01.364 +01.339
+05.679 +07.259 +06.112
-06.676 +08.914 +06.524
+03.342 +06.080 +04.713
-09.028 -08.568 +02.012
+02.072 +09.713 +04.504
-09.356 -01.192 +00.032
+05.654 -06.074 -07.614
+05.794 -00.980 -07.274
+00.979 -04.349 +06.095
+07.159 +06.929 -07.384
+04.907 +01.222 -08.167
-05.635 +07.058 -02.875
-00.886 -07.170 +00.969
+09.081 -07.897 +06.170
+04.640 -05.082 +01.883
+05.143 -04.008 -07.741
+00.120 +09.630 +00.615
+00.919 +04.149 -01.825
-00.879 +01.666 -06.137
+09.891 -05.510 -00.970
-03.381 -06.846 +03.503
+07.973 -09.531 +07.184
-03.934 +02.022 +07.011
-09.935 +08.083 +06.181
+05.682 +03.847 +00.377
+01.081 -05.057 -00.957
-07.978 -01.128 -02.220
+04.759 -04.009 -05.747
-07.659 -08.255 -07.387
-06.506 -04.536 +01.884
-01.340 -05.023 -01.745
-06.709 -05.594 +08.515
-05.334 -09.146 +02.195
-01.389 +08.839 -04.899
+07.295 +04.718 +05.362
-05.641 -06.418 -07.516
-04.480 -00.418 -06.610
-09.718 -02.061 -00.816
+02.730 +00.030 +00.122
-01.292 -06.004 +06.656
+06.353 -00.568 +03.682
+08.527 -00.330 -01.887
+08.143 +04.779 +07.473
+09.618 -02.475 +05.147
+01.910 +08.431 -04.185
-05.110 +02.324 +08.666
-00.557 -07.975 +02.929
-05.611 +05.486 -07.763
-08.932 -01.952 +09.143
-02.406 -07.581 -07.604
-05.319 -02.453 -00.856
-03.578 -08.164 +01.379
-05.790 +00.880 -06.530
-02.862 -07.773 +00.205
+00.002 -01.168 -05.758
+07.444 +03.900 -00.415
-00.224 +06.928 -03.096
-09.432 -06.381 +09.899
+01.203 +05.702 -07.527
+04.081 +03.067 -01.155
-04.976 -04.343 +07.454
+08.247 +09.350 -01.387
-03.542 -05.189 -07.674
-06.711 +07.600 +02.514
-08.538 -05.487 +00.026
+09.668 -07.069 -04.930
+06.316 +00.936 -09.684
-00.810 -06.654 -09.503
-06.759 -05.394 -09.439
-03.008 -03.195 +02.191
-00.514 +01.707 -06.810
-01.106 +07.727 -02.649
-01.493 -05.672 +00.268
-03.944 +04.768 -05.342
-07.386 +02.596 -02.632
-02.810 -05.271 -07.372
-01.916 -09.659 +05.191
+02.422 -06.899 -07.886
+09.270 -00.984 -09.356
-08.320 -07.191 +02.831
-06.061 -00.937 +08.582
-00.253 -00.202 -01.153
+00.232 +03.473 +03.223
-05.805 +05.587 +05.267
-04.243 +07.266 +03.674
+04.967 +07.187 +05.352
-00.632 -01.028 -02.127
-09.500 -00.349 +04.426
-03.698 +09.102 -02.706
+02.137 +04.366 +09.857
+01.239 +04.293 -02.298
+05.772 +02.431 +04.907
+09.386 +04.881 +03.119
-09.354 -08.619 +02.888
-00.635 -04.052 +07.584
-07.722 +03.178 -03.458
+06.699 -04.995 +00.448
-03.093 +03.358 -02.955
-06.286 -02.647 +00.450
-06.529 -01.584 +05.738
+02.626 -07.751 +06.241
-00.094 +02.594 -02.658
-04.712 -00.395 -02.849
-03.050 -00.596 +05.724
-01.609 +05.620 +05.062
+09.272 -06.519 +01.838
-04.745 +09.741 +06.734
+06.575 -02.837 +00.871
-07.961 +00.068 +06.169
-08.051 -09.629 +08.831
+03.740 -04.221 -07.878
-02.491 -02.065 +05.667
+06.140 +09.860 +01.327
+06.781 -05.382 -07.815
-04.175 +04.816 +04.789
-04.979 +00.779 -02.822
+00.825 +06.115 +07.201
-09.162 -02.685 +03.907
-01.321 +03.955 -04.035
-08.802 +07.504 +08.940
-07.381 -00.331 +09.427
-08.715 -03.753 +04.881
+06.490 -06.292 -03.159
-08.514 +07.751 -09.671
-09.181 -07.662 -08.499
-00.652 -09.319 -09.544
-04.846 -00.746 -04.621
+04.274 -07.455 -06.585
+02.117 -05.148 +05.871
+01.593 +01.179 +02.524
+04.553 +06.814 +07.723
+05.333 -01.841 +04.189
-06.886 -09.383 -04.891
+04.236 +07.284 +06.589
-03.091 -01.254 -07.991
+07.387 +00.309 -01.643
+04.237 -04.352 +09.425
+07.595 +09.929 +05.081
-08.581 +02.299 +03.846
-04.049 -03.308 +09.243
+04.274 +04.678 +08.435
+00.603 +08.192 -01.648
+04.215 -04.522 +08.221
-06.796 -00.439 -05.507
+05.947 -04.914 +00.428
-04.077 +01.402 +03.998
+09.701 +09.548 -04.915
+08.439 -05.175 -00.493
-08.602 +00.411 -03.211
-03.531 +02.891 -09.918
+09.776 -05.021 -03.223
+01.140 +08.871 -07.404
+03.441 -07.385 +07.284
+08.303 -08.196 -03.946
+06.290 -09.781 -00.754
-00.343 -09.624 -03.573
+02.258 -08.837 +03.965
+00.184 +04.303 -05.623
-09.732 -01.177 -05.827
+09.206 +00.742 +02.592
+07.837 -02.965 +09.227
-09.935 +08.771 +03.735
-09.058 -09.974 +06.196
-00.736 -00.924 -06.781
+01.656 -01.909 +01.884
-05.009 -07.819 -06.076
-04.421 -01.018 +07.535
-00.510 -06.137 -01.160
+01.001 +08.816 -00.784
-04.950 +00.035 -09.883
+08.464 -03.670 +07.020
+07.817 -07.473 -01.793
-07.461 -09.269 -05.208
-06.359 +06.131 -02.768
-04.541 -07.574 +06.542
-05.802 -01.787 -02.188
+02.701 -00.536 -04.984
+03.643 -09.366 +01.162
+04.362 +02.519 +02.370
+03.562 +01.551 -08.988
+08.817 -09.652 +05.850
+08.233 +06.104 -00.777
-08.429 -07.142 +05.167
-02.508 -05.188 +04.661
+00.056 -07.748 -00.188
-06.514 +02.634 -01.675
+00.633 +04.081 +03.225
+04.958 -06.413 +07.789
-00.455 -05.633 +08.082
-03.713 -09.680 -09.665
-04.271 -01.350 -04.382
+01.396 +08.134 +04.633
-00.780 +01.200 -00.219
-08.615 +05.132 -09.153
-06.234 +04.269 +03.391
-03.509 -05.808 +08.966
+04.283 +00.037 +04.757
-01.634 +03.878 +02.836
+09.539 +01.328 +00.640
-00.456 -07.826 +00.698
-01.625 +06.912 +03.017
-06.213 +03.324 +00.192
-00.607 -03.903 +08.807
-06.927 -09.297 +09.425
-00.944 -09.498 +00.362
-06.267 +08.150 +06.365
-04.210 -02.104 -02.508
-07.163 +07.278 -06.073
-05.692 +05.242 +04.581
+08.299 +06.824 -05.333
-00.218 +07.881 -02.426
-09.706 +04.156 +09.678
-04.985 +08.976 +02.319
+02.587 +08.453 -02.503
+02.710 -08.212 +03.525
+01.639 -03.730 -03.637
-06.336 +07.764 +02.039
+02.391 +05.879 +06.604
+07.746 -06.143 -08.655
+09.723 -06.024 -07.085
+07.348 -00.458 +09.335
-01.421 +00.599 +02.429
+03.174 -08.521 +06.187
+06.616 -02.220 +09.752
+08.041 -06.142 +09.108
-00.018 +04.526 -07.517
+05.085 +06.063 -09.986
-03.303 +02.680 +06.936
+06.476 +01.875 +02.952
-09.859 -01.257 -03.911
+09.176 -04.629 -01.323
+04.197 -06.443 -06.183
-02.486 +07.848 +07.397
-00.256 +03.047 +08.914
+08.984 +02.852 +09.855
+07.516 +05.129 +00.938
-06.829 +01.601 +07.532
+04.234 -01.938 +04.521
-04.340 -04.867 -07.358
-02.445 -06.470 -03.218
+00.226 +07.536 -02.566
+03.636 -04.997 +09.673
+05.469 +08.455 +04.349
+03.731 -04.887 +09.331
-05.041 +07.899 -09.843
+09.509 -09.647 +01.199
-04.136 +07.030 -00.763
-05.968 -00.940 -06.298
+04.109 -05.151 -02.059
-03.230 -01.461 -02.545
+01.451 -09.878 -08.465
+04.300 +07.985 +04.786
-00.114 -07.905 -02.202
+04.666 -03.485 -00.837
+09.504 -03.434 +01.684
-09.893 -05.675 -06.295
-00.537 -00.113 +04.127
-04.628 -04.024 +00.161
-01.933 +09.119 -04.129
+05.910 +02.386 -03.320
+01.983 -01.169 -06.226
-07.944 +09.731 +07.349
-01.074 +08.183 +04.997
-08.799 -05.299 +00.215
-08.839 +07.509 +08.590
+01.331 +04.459 +09.593
-09.130 +04.189 -08.787
+00.248 +06.114 -06.511
-02.219 +03.061 -01.525
-05.164 -08.443 +04.943
-08.946 -04.308 +00.086
-03.437 +09.866 +03.611
+05.761 -04.583 -00.252
+02.107 +01.962 +00.358
+09.872 +05.289 +09.909
+04.763 +07.242 -03.937
-05.924 +07.609 +02.448
+05.133 +09.812 +06.937
+01.321 -01.220 +09.975
+00.071 +01.191 -09.575
-09.223 +07.494 +03.255
-04.706 -05.335 +04.205
-08.318 -01.685 +09.192
-08.699 +06.202 +04.947
+03.325 -07.962 +09.236
-00.030 +08.619 -05.818
-09.121 +08.100 -00.797
+00.703 -03.900 +00.005
+06.587 +05.825 +03.282
+06.399 +01.344 +02.891
+07.466 +02.146 +04.179
+08.394 -04.432 -02.809
-02.309 +05.754 -07.682
+08.192 +09.808 +04.547
-07.434 +05.081 -08.526
-08.464 +00.550 -07.340
-01.260 +04.104 -03.725
+03.130 -07.374 -00.556
+01.518 +07.073 -03.412
+02.347 +04.260 +08.377
-09.463 +02.288 +05.405
-09.733 -03.840 +09.294
+00.684 +01.392 +00.823
+03.970 +02.863 -07.997
+05.748 -08.944 -06.228
-04.358 +02.514 -00.194
-02.876 -00.510 +05.687
+01.700 -05.646 -04.340
-02.864 -04.490 -04.053
-03.107 -07.508 -03.101
+01.874 +00.113 +09.899
+02.641 -01.850 -09.778
+00.729 +04.359 +04.349
+00.461 +05.560 -08.007
-07.130 -07.156 -08.194
-00.380 -02.873 +07.452
-03.411 +09.552 -05.288
-08.750 -02.722 -00.305
+00.991 -09.471 -07.084
+02.593 +05.681 -02.823
-01.734 +03.725 -05.872
-09.209 +04.723 -08.906
+04.675 +01.536 +00.225
+01.411 -09.864 -00.420
+06.221 -05.079 +09.908
+08.769 -06.957 +00.669
+07.782 -06.613 -01.995
+01.728 +02.031 -01.467
-01.378 +00.428 +09.606
+00.587 +08.690 +09.775
+00.998 +09.647 -08.537
-00.578 +07.424 +05.480
+01.646 -09.993 -04.225
+02.247 +08.718 +05.384
+06.120 -02.009 -01.257
+04.883 +06.407 -08.250
+09.772 -07.709 +00.576
-09.764 +04.393 -01.068
+09.508 -02.694 -00.226
-01.682 -03.194 +07.032
+00.337 +09.913 -05.762
-07.273 +01.347 +00.368
-01.851 +01.961 -04.726
+01.211 -05.635 +03.577
-07.902 +05.979 +04.297
-00.891 +05.894 +01.918
-05.050 +09.117 -02.918
+08.237 +05.338 -04.120
-03.065 -00.360 -03.215
+00.066 -05.144 -09.269
+00.385 -04.535 +05.359
-02.068 -09.094 +01.195
-03.056 +00.909 -09.435
-05.595 -04.374 +05.499
-05.714 -09.408 +02.994
-03.699 +07.380 +02.892
+01.655 +07.980 -05.912
-08.022 -05.211 -00.475
+09.266 +08.650 +08.774
+02.518 +06.637 -09.685
-00.029 -09.381 +01.790
+04.750 -07.664 -00.265
+05.071 -07.724 +03.250
-09.304 +03.724 -04.222
+07.890 -03.060 -02.431
-04.640 -02.295 -01.703
+04.723 +05.707 -01.542
+00.572 -05.391 +03.230
-08.789 +09.986 +07.249
-05.897 +05.052 -02.462
-02.303 +05.717 +07.941
-02.247 -08.305 +03.641
+08.085 +08.811 +05.992
+00.368 +08.030 -08.444
+01.298 -03.075 +07.712
+03.872 +06.997 +01.010
-04.886 -01.546 -05.676
-08.856 -09.856 -09.120
-01.130 -02.248 +06.960
-07.605 -06.126 -08.653
+09.953 +01.798 +02.445
-01.524 -07.514 -07.568
-06.308 +07.877 +03.261
+02.003 +09.039 +08.597
+07.217 -09.757 -02.123
+07.884 -00.208 +03.574
+09.600 +04.691 +01.735
-02.865 +00.760 -09.323
-08.940 -00.344 +02.717
-04.994 +02.119 -03.842
-04.543 +06.772 -09.889
-09.253 +08.647 +00.895
-08.420 -04.610 -07.669
-01.374 -05.410 -08.596
-06.387 -00.951 +08.502
-04.222 +02.966 +05.284
+08.552 -05.247 +06.772
-05.282 +04.854 -06.991
+07.898 +03.869 +01.558
+08.848 +00.339 +03.284
+07.055 -05.888 -06.621
-01.779 +04.015 +06.183
-02.103 +00.024 +06.187
-04.430 -05.532 +02.335
-02.255 -00.884 -01.819
-00.345 -03.427 +09.745
-03.480 -06.596 -05.814
-02.179 -08.600 +07.750
+01.288 -05.708 -02.069
-06.314 +03.229 +05.296
-03.676 -03.837 +08.893
-03.967 +06.527 +05.585
+05.580 -00.856 -04.375
+08.899 +05.811 -07.486
-02.303 +04.854 -02.967
-08.058 -05.344 +04.675
+05.645 -09.871 +09.828
+06.928 +06.269 +02.875
-08.676 -06.112 -06.511
+06.338 -07.202 +01.940
+09.277 -03.315 +05.939
+08.980 +06.830 +09.309
+02.132 +05.483 +00.347
+06.206 -02.712 +05.400
+00.902 -04.511 -00.597
+05.742 -01.084 +02.758
-02.805 +01.137 -00.441
-09.230 +01.080 -03.607
-04.247 +06.371 -02.498
-05.825 +06.366 -02.225
-00.130 +06.700 +09.559
-08.640 +03.424 +08.402
-09.743 +08.478 -00.161
+01.081 +09.572 -02.074
-09.181 +02.962 -01.744
-00.777 -07.011 -09.906
-05.516 -01.811 -09.016
+07.584 +07.162 -01.368
-05.026 -00.507 +06.618
-08.275 -06.911 +04.439
-00.043 +04.815 -07.424
-03.549 +07.577 -07.433
+09.057 -03.899 +07.208
-01.876 +04.426 -07.556
-05.088 +01.862 -04.746
+01.269 -09.546 +01.368
-03.264 +03.519 -06.524
-02.049 +05.001 -01.043
-02.297 +01.535 -06.629
-07.618 -00.404 +00.106
+02.968 -08.453 -02.686
-06.464 -07.056 -02.060
+07.243 -09.779 +04.129
+07.463 -01.482 -02.741
+00.706 -04.618 -08.948
-05.891 -04.965 -01.335
+03.717 -07.052 +05.274
-06.138 -02.619 +08.201
-03.669 -03.998 +09.871
+00.406 +02.731 -09.311
-05.352 +05.322 -05.875
+03.242 +00.218 -03.820
+02.764 -06.017 -03.255
+02.650 -05.582 +08.212
-00.143 -07.057 +07.564
+05.193 +02.724 +01.496
-08.176 -08.206 +02.685
-04.599 +03.620 -09.824
-09.096 -04.255 +07.844
+05.472 -06.274 +04.498
-01.613 -05.399 -02.032
-03.831 -00.049 -03.386
+02.570 +03.162 +05.824
+00.890 -07.688 -09.652
-04.655 +03.164 -00.972
-05.408 -07.094 -07.127
+04.295 +00.994 -01.478
-06.894 +02.222 -09.505
+00.894 +02.563 +04.463
+02.349 -03.309 -01.285
+07.737 -03.873 +07.910
+01.911 +03.627 +07.096
-01.816 -01.233 -00.707
-03.684 -00.605 -07.200
+01.015 +08.511 -01.037
-03.314 -03.784 +07.602
-07.703 -05.334 -02.740
-09.435 +00.222 +05.333
-01.132 +05.791 +03.111
-01.023 -02.589 -01.528
+07.130 -02.665 -02.898
-01.873 +06.338 -02.980
-00.091 -03.246 +08.315
-01.477 +05.625 +09.795
-01.835 +09.082 +06.860
-00.935 +01.679 +05.352
+02.963 +03.730 +04.942
+02.351 -03.874 +05.552
-06.844 +05.573 -01.872
+05.505 +06.799 +04.346
+00.712 +05.684 +09.751
+02.331 +07.890 +03.118
+09.577 +07.932 -00.609
-07.877 -03.845 -09.830
+03.311 -04.255 +04.147
-07.541 +01.005 -03.034
-08.854 +04.799 -04.254
+03.985 -06.163 +00.958
-00.186 +03.308 +07.836
-05.424 -02.776 +00.438
-08.454 -03.447 +06.509
+04.273 +09.464 -08.085
+08.303 -04.394 -04.346
+08.988 +04.486 -06.872
+08.594 -00.010 -07.106
+01.324 +09.917 -06.367
+00.755 +00.609 -04.965
-04.936 -04.038 +08.273
+06.062 -04.993 -01.625
-02.690 -08.943 -01.101
-09.995 +03.619 +02.143
-03.884 -05.870 -05.883
-07.454 +04.957 +07.704
-09.041 +01.130 +07.063
-05.209 -01.714 +00.949
+04.478 -06.968 -01.849
-07.392 -00.735 -03.741
-02.603 -05.149 -01.276
+08.569 +05.010 +00.457
+05.213 -00.249 +09.626
-03.228 +06.234 +00.572
-04.866 -05.198 -08.427
+02.719 -04.100 -04.464
-01.336 -01.094 +04.028
-02.498 +05.942 -02.227
-02.519 +03.974 -04.515
-05.911 -04.268 -07.234
-03.257 -01.140 -05.217
+02.447 +06.466 -02.367
+00.705 -03.718 +09.896
+07.600 -04.607 -07.250
+09.686 +03.942 -09.489
-03.681 +08.125 -04.706
-06.278 +06.974 +03.642
-08.214 -00.896 -01.026
-00.964 -01.701 -03.883
-08.335 +06.449 +01.409
+03.632 -05.515 -00.537
-01.688 -09.639 -06.914
-04.169 -07.303 -09.053
+07.898 -07.794 +02.163
+08.044 +00.407 +08.616
+05.839 -06.311 +07.172
-06.224 +01.250 -02.099
+07.820 +04.208 -02.478
-09.397 +03.604 -06.766
-08.032 -09.932 -04.532
+06.726 +02.358 -01.387
-00.993 +08.206 -00.529
-04.594 -00.447 +02.355
+01.747 +03.561 -06.217
-07.801 -04.896 +07.479
+06.802 -02.203 +01.454
+00.302 -09.537 +00.922
-05.160 -09.672 -00.188
+05.571 +00.058 +04.823
-01.762 -01.145 +04.136
+03.382 +00.943 -03.908
-04.744 +06.785 +09.554
+05.140 +08.673 -01.235
+05.631 -03.806 +01.583
+03.433 -07.067 -00.224
+03.321 -02.489 +01.419
-06.724 +04.919 +08.414
-02.161 -01.278 +07.731
+09.779 -05.479 +09.552
+07.077 +04.826 +01.965
+09.595 -05.816 +05.823
+07.630 +09.001 -07.685
+03.206 +07.189 +03.637
+07.359 +03.942 +03.450
-08.118 -01.200 -06.150
-04.878 -00.693 -04.388
-08.331 +09.569 +00.684
-00.487 +09.567 +03.648
-09.048 +01.677 +00.468
-05.730 -01.368 -05.969
+03.186 +02.584 -00.447
-00.309 -05.044 +08.939
-01.688 +06.347 +06.934
-02.299 -00.901 +03.175
-02.416 +03.231 +08.990
-03.564 -06.883 -06.800
+01.277 +07.236 -02.261
-05.578 +06.257 +06.927
+00.672 -04.966 +00.018
+07.222 +01.756 -01.037
-00.913 -09.331 +05.881
+08.612 +06.149 +07.686
+05.549 -06.091 -01.661
+07.957 +06.957 -03.288
+03.367 -00.607 -03.072
+01.820 +06.240 -02.133
-00.772 +08.921 -03.461
-06.394 +02.183 +00.618
+03.280 +05.767 +09.714
-07.508 +06.047 -04.962
-01.469 -03.519 -06.223
+03.007 -04.691 +06.206
-07.231 -01.509 +01.550
-03.677 +09.250 -07.275
-07.119 -03.596 -07.681
-08.528 -06.754 -04.507
+08.120 -09.448 +02.627
-06.447 -06.111 -01.644
-03.175 -01.491 -00.756
+00.699 +06.805 +07.693
-07.247 -00.503 +02.058
-09.914 -03.498 -06.980
-06.230 -05.736 -05.707
+09.894 +08.036 -07.795
+00.277 +00.452 -09.445
+00.653 +09.908 -00.024
-06.105 +02.666 -09.710
-08.471 +02.371 -03.568
+09.696 -06.263 +03.902
+03.277 +03.929 -03.250
-03.100 +09.577 -00.756
-02.919 +02.444 +05.603
+01.383 +07.599 -06.465
+04.687 -04.445 +00.143
-07.823 +03.651 +08.299
-02.887 -08.399 +05.267
+09.918 -06.050 +00.020
+06.446 -01.898 +04.899
-08.991 -04.204 -00.973
+04.174 -05.164 +02.278
-01.098 +03.516 +09.755
-06.829 -06.722 -05.061
+04.941 +00.631 +07.930
-08.980 +07.349 +06.086
+01.112 +01.737 -08.019
+09.418 -05.349 -05.354
+00.570 +05.469 +02.743
+06.050 -02.524 -00.797
+07.565 +00.647 -01.673
-01.481 -06.898 -04.587
+03.706 -02.006 -08.756
-03.537 -09.493 +00.346
-01.545 -01.485 -07.098
-07.850 +09.567 -02.249
-09.504 +08.540 -00.985
-01.646 +00.143 -02.770
-09.942 +02.546 +04.375
-00.623 -04.134 +09.283
+03.121 +05.437 -03.969
-07.391 -03.801 +05.143
+05.057 -00.212 +01.438
+07.723 +01.777 +01.673
-09.806 -06.326 -09.426
-06.716 -06.696 -06.320
+05.060 +05.193 +00.310
+09.853 +08.549 +02.037
+09.225 -04.506 +05.017
+00.236 +03.329 +03.184
+05.690 -04.221 +09.963
+03.695 +02.331 +08.403
-03.094 -08.625 -05.828
+02.211 -00.229 +05.406
-02.197 -01.566 +09.437
+04.488 -03.373 +03.999
-02.355 -00.828 -03.506
-04.994 -04.966 +01.272
+09.721 -02.688 -07.291
-09.400 -04.823 -08.830
-06.684 -07.276 +01.173
-02.702 +01.278 +05.719
+05.048 +07.614 +04.728
-00.008 +06.199 +08.327
+07.110 -03.421 -01.553
+09.365 +04.388 +09.262
-09.885 -05.709 -05.265
-09.405 -09.074 -06.450
-06.631 -09.056 -02.050
+06.051 +07.009 -02.858
-08.078 +01.771 +01.396
+05.679 -00.853 +01.128
-08.933 -09.925 -04.316
-07.257 +09.758 -00.426
+06.132 -02.556 +07.560
-05.764 +06.989 -02.139
-08.556 -06.869 -04.722
+00.096 +01.599 +06.701
+00.913 +07.135 -01.729
+07.716 +01.610 +09.198
+07.729 +03.589 -03.429
+03.299 +00.083 +07.261
-08.687 -05.185 +00.043
-07.929 +02.682 +03.412
-06.853 +02.497 +06.354
+09.357 -02.495 +02.508
+05.424 +00.437 -06.620
+06.691 -03.817 +01.769
-04.745 -03.392 +02.705
+02.517 +02.648 -07.732
-07.043 -04.310 -04.974
-00.678 +06.769 +09.423
-00.217 -06.531 +07.510
+00.240 +09.611 -04.051
+09.751 -01.007 -06.328
-09.331 +07.834 +03.237
+09.868 +06.588 -06.736
+02.164 -07.222 -08.586
-04.677 -05.973 +06.120
-06.461 -04.921 +06.228
-08.732 +07.508 +06.958
+08.971 -07.806 -01.697
+02.150 -07.423 -00.851
-06.309 -03.534 -00.769
+03.943 -04.843 +03.639
-03.070 +08.077 +00.546
-09.888 -02.952 -08.503
-07.316 -08.503 -07.356
-01.051 -05.752 +00.705
-08.112 +01.934 +03.656
-03.178 -02.221 -06.604
+05.569 -03.537 +03.689
-02.034 -04.134 -07.411
-06.364 +08.441 +06.081
+01.327 -02.657 -05.118
-02.315 -06.836 -00.936
+04.577 +07.181 +00.971
+09.448 -00.660 -02.482
+05.081 +04.707 +05.046
-08.801 +05.892 -04.482
+04.300 -03.016 +07.565
+09.500 +02.604 +08.348
+06.041 -03.052 -04.938
-07.773 -06.333 +00.604
+07.313 +08.389 +04.985
-03.141 +07.736 +06.609
+03.346 +05.874 +02.567
+02.750 +05.622 +07.915
+03.711 -04.402 +00.732
+07.075 +01.138 -05.856
-08.433 -00.346 -09.396
-02.544 +06.625 -08.561
-07.293 -05.199 -08.891
-06.282 -00.425 +09.107
-05.520 +03.482 -07.620
-00.316 +07.660 -09.711
-02.497 -05.184 -07.609
+04.819 +08.421 -08.059
+02.037 -00.423 +01.113
+08.164 -04.937 +09.580
+00.911 -08.678 -07.129
+05.837 +04.074 +08.245
+09.971 -03.097 +03.015
-07.445 +06.483 -07.407
+04.367 -02.762 +05.232
-04.373 -06.795 +01.157
-02.760 +06.008 +02.756
+06.644 +00.293 +06.524
-02.244 -05.062 -09.793
-00.530 +09.275 -03.159
-06.703 +02.345 +06.517
-05.106 -01.094 +07.760
+04.434 +02.459 +02.235
+08.626 -00.093 +05.324
+02.449 -07.964 +03.135
+09.574 -01.793 +09.410
-07.168 +03.743 +02.597
-07.522 +01.112 +00.242
+03.365 -03.555 -06.269
+00.237 -08.241 +01.094
-08.276 -05.094 +07.991
-03.337 -01.635 -08.051
-01.899 +03.239 +06.869
-02.658 +03.800 +01.259
+02.223 +01.350 +01.981
+09.358 +00.364 -08.398
+02.702 +03.506 -02.108
+01.573 +00.765 -09.862
+06.014 +09.340 -01.462
-04.241 -02.632 +05.629
-02.556 -08.668 -08.256
+08.424 -09.565 -05.024
-03.129 -04.194 -05.597
+05.120 +08.364 +09.555
+03.343 -09.084 +06.568
-07.868 +08.692 -04.612
-02.942 +07.448 -08.690
-07.268 -06.827 +05.602
+01.592 +00.925 +08.482
+03.613 -09.816 -00.971
+04.067 -07.155 +03.000
-03.540 +05.903 -09.368
+09.529 -04.376 -02.192
+07.645 +04.603 -04.570
+03.679 +08.675 -01.494
-05.254 -03.305 +07.061
-01.124 +08.538 -04.391
-09.794 -00.348 +06.566
+07.625 +08.576 +00.611
+09.541 -02.301 +02.394
+07.816 +01.686 -02.159
+00.176 +06.156 -04.547
-03.471 -08.843 -08.859
+07.194 +05.128 +01.147
+07.195 +02.281 -08.900
+05.910 +03.048 -02.966
+04.012 -02.621 -05.673
-04.146 +04.149 -09.714
-06.261 +08.280 +02.919
+05.476 +01.552 -05.961
+01.496 +05.542 +00.064
-08.178 -06.873 +09.081
+07.465 +04.067 -04.982
-08.133 +03.109 -02.234
+02.189 -03.069 -04.161
+06.422 -01.800 +06.323
+06.476 -01.507 -00.821
-04.574 -03.979 -02.858
+02.368 +04.381 +05.049
-03.784 +05.013 +02.191
+00.291 -06.705 +08.019
-05.358 -03.258 -07.086
-09.699 -04.165 -07.559
+04.494 -08.503 +04.016
-01.851 -02.325 +05.802
+03.952 +06.027 +07.772
+01.466 +03.996 -02.334
+04.744 +02.669 -08.661
-04.059 +02.928 -09.596
+00.638 -08.992 -08.317
+01.635 -09.163 +00.160
+05.810 -04.751 +02.159
-01.408 -00.320 +05.405
-07.960 +03.340 +06.866
+08.764 +06.847 -00.642
-05.189 -09.413 +06.557
-09.247 -09.197 +00.144
+01.472 +05.693 -08.489
+09.441 -05.637 -03.724
-05.724 -06.561 +01.863
+07.159 +06.210 +04.141
+07.829 +06.486 -08.151
-00.503 -07.413 +05.680
-04.086 +06.342 -08.894
-01.481 -09.490 -02.320
+05.833 -07.949 -07.039
+04.376 +02.297 +07.749
+07.136 +02.974 +04.160
-03.832 -08.400 +00.059
+09.779 -04.208 -03.550
-01.718 +04.025 -06.092
+08.177 +00.638 +01.250
-07.653 -06.492 -08.206
+07.106 +01.913 +08.104
+08.934 +00.796 +06.475
+01.156 +05.993 +07.846
-05.857 +08.572 +01.201
-02.993 +06.621 +07.638
+04.968 +04.398 +08.504
+09.675 +00.909 -09.475
+01.664 +02.019 -01.616
+07.398 -03.224 -04.826
+02.461 +05.855 +05.430
-05.998 -00.689 -08.880
+09.101 +01.469 +05.551
-01.124 -08.331 +02.677
+07.682 +07.104 +03.773
-08.368 -08.880 +09.443
+08.337 +08.277 -01.031
-04.324 -00.969 +08.325
+09.692 -08.501 -03.129
-04.231 -00.387 -04.724
+07.310 -02.364 -07.040
-03.657 -01.065 -05.597
-03.797 -07.223 +05.276
-06.850 -06.100 -08.549
+02.271 -09.052 -04.821
-06.161 +05.260 -01.639
+01.103 +06.428 -05.045
-07.808 -02.950 -05.637
-03.157 +06.273 +00.332
-02.721 -02.651 +04.378
-02.319 +02.871 +00.430
-02.298 +06.523 -00.463
-06.025 +04.790 -01.033
+04.531 -02.654 -05.481
+01.951 -08.496 +01.855
-00.589 -08.988 -04.385
+00.498 -03.490 +01.281
+05.514 -04.283 -01.036
+04.769 +04.389 -03.736
+03.205 -06.488 +00.525
+01.626 -04.904 -05.733
+00.904 -01.937 +02.253
+01.832 -08.899 -03.966
+02.294 +04.440 +02.322
-06.303 +08.316 -01.969
-07.195 -05.350 +02.050
+08.213 -09.518 -09.584
-04.024 +06.516 +06.139
+05.455 +00.716 -05.298
-02.977 -02.088 -03.620
-03.613 -09.777 -01.096
-01.134 -09.197 +06.708
-05.039 -08.162 -07.237
-08.185 +01.166 -01.779
-05.470 +06.566 -02.583
+00.882 +07.758 -00.114
+00.076 +04.228 +05.352
-05.987 -04.355 +02.721
+00.141 +00.220 -04.518
-06.335 -09.134 +02.235
-09.660 +07.416 +02.419
+02.034 +07.119 +01.154
+05.538 +02.935 -08.176
-08.638 +08.613 -03.837
-00.565 -06.954 +07.237
+05.834 +05.439 -03.989
+03.200 +09.221 +02.653
-01.309 -05.715 -06.249
-07.998 -06.699 -04.104
-01.737 -04.922 +03.855
-08.679 -07.425 +01.196
-00.859 +08.068 +06.463
+07.311 -09.006 -04.803
+00.615 -03.197 -09.042
-09.842 -04.589 -07.708
+06.333 +05.395 +09.083
+05.487 +02.375 +06.658
+00.143 -02.219 +09.730
-04.036 +05.453 +00.133
+02.445 -05.391 -09.351
+04.676 -01.702 +06.687
+07.580 -01.838 -06.963
+01.488 -04.956 -03.425
+02.222 +05.279 -00.402
+05.674 -07.964 +06.782
+09.641 -01.881 +09.557
+07.757 +05.123 -05.302
+05.463 +08.987 -02.830
-00.786 -01.196 +01.116
-08.554 +03.878 +01.497
+08.500 -03.088 +00.809
-01.947 +00.629 -06.870
-05.581 +00.936 -05.056
-00.444 +08.882 +04.922
-06.054 -03.787 -04.037
+01.836 +09.997 -09.682
-03.384 -05.751 +03.480
+07.675 +00.755 -02.454
-00.874 -08.743 +04.156
+07.766 -02.577 -06.203
+07.547 +04.071 -04.440
-07.412 +00.200 -09.771
-07.339 -01.228 +01.774
+08.336 -05.790 -01.409
-02.218 -03.158 -02.879
-08.136 +09.434 -01.077
+00.494 -06.822 +09.851
+05.055 +02.471 -09.961
-06.228 +09.147 +03.117
-06.059 +09.902 -08.721
+00.810 +05.517 +00.976
-09.678 -08.405 -01.015
+01.566 +07.070 -09.136
+04.876 +07.224 +05.007
-03.669 -07.646 +09.127
+03.608 +04.903 +08.328
-09.818 +01.389 -03.823
+07.291 +05.787 +02.530
-00.764 -07.867 +06.085
+02.224 -04.687 +04.508
-07.282 +06.022 +02.986
-02.344 -03.279 +05.387
-05.283 -06.997 +06.078
+00.629 +08.108 -04.782
+01.360 +02.371 -08.186
-01.387 +00.945 +02.368
-03.862 +06.260 -08.594
+02.306 -01.207 +03.449
-04.037 -04.376 +09.287
+05.922 +01.453 +03.520
-01.987 -02.741 -00.548
-03.279 +00.149 -02.248
+04.126 -07.479 +05.635
+08.730 -03.159 +03.415
-00.098 +03.037 +09.791
+01.637 +03.399 +00.472
-09.334 -01.368 -03.721
-09.422 -06.236 -00.590
+03.712 -00.204 +04.114
-03.190 +07.452 -01.733
+02.929 +06.312 +07.544
-09.134 -02.866 +06.458
-01.869 -08.359 -03.144
+03.313 +06.517 +08.479
-04.062 +04.313 +02.437
+09.934 +07.673 -08.673
-06.774 -05.498 +00.530
-02.917 -03.875 +09.209
-05.468 -09.588 +08.372
-08.759 -05.517 +00.099
+01.192 -04.817 -01.562
-01.638 +09.412 +01.676
+04.546 -00.228 -05.025
-09.239 +08.085 +02.559
-00.951 +00.267 +05.523
-05.572 -04.165 +02.877
+09.274 -02.075 -04.520
+07.242 +03.452 -09.541
+01.215 +09.548 +07.573
+08.699 -01.736 -05.042
-06.711 -07.873 +07.092
+00.653 -02.250 +06.848
+08.238 -04.132 -08.667
+08.446 +06.822 -00.091
+09.177 -06.333 +01.216
-07.606 +09.629 -08.602
+04.067 +08.359 -09.070
+01.683 -07.130 -09.761
-09.887 -03.814 -03.079
-06.515 +06.777 -07.009
-01.572 +01.787 +04.562
+04.678 -01.980 -05.113
-09.591 +04.612 -05.851
-04.573 -08.430 +05.714
-08.079 -06.518 +01.795
+02.840 +05.990 -08.221
+04.328 +01.162 -00.261
-02.175 +09.998 -05.195
+01.999 +00.330 -07.293
-07.433 +00.784 -01.957
-09.261 -09.128 -07.187
-03.078 -03.017 -09.815
+00.290 +09.682 +01.859
+07.234 -01.042 +06.156
-05.738 -01.686 +02.252
-03.815 +06.214 -02.256
-05.243 -03.402 +01.793
+05.648 -07.433 +09.580
-08.796 +01.535 +03.304
+07.129 +04.968 -03.069
+02.166 +04.039 +04.263
-09.895 +05.579 -08.195
+01.728 +00.399 -07.001
-06.372 -05.801 +01.182
+02.769 -09.682 +05.819
-07.430 -09.629 -08.948
-06.021 -04.881 +01.668
-00.580 -09.746 -00.104
-05.564 -03.029 +02.799
+05.828 +06.060 +02.893
+07.314 -05.499 -03.347
-06.995 -03.359 +08.468
-07.194 -04.794 -09.501
-08.948 -01.416 +04.459
+06.134 -08.181 -09.505
+06.650 -02.568 +03.992
+06.042 -01.942 +07.071
+08.972 +02.030 +06.396
-08.188 -06.318 -04.017
+05.180 +02.744 +02.374
-07.813 -02.891 -09.132
-06.666 -08.513 -05.316
-02.131 -04.448 +04.937
-05.685 -07.182 +09.055
+01.316 -06.903 +04.853
-07.462 +05.571 -05.477
+06.684 -07.376 +01.867
-09.601 -04.375 -07.731
-02.806 +02.361 +09.643
-02.781 +04.658 -07.705
-09.636 +06.878 +05.246
+00.736 -04.497 -07.085
+01.939 -01.663 -04.190
-02.829 -01.627 +00.562
-03.618 -07.633 +07.789
-04.704 -06.164 -05.832
-03.933 +04.856 +04.652
-08.188 -00.711 +04.961
-05.486 +04.035 -09.474
+09.122 -05.310 -07.571
-05.868 -03.204 +04.876
+02.772 -07.833 +02.033
+08.710 +00.894 -01.050
-01.721 -01.075 -01.716
+04.673 -07.555 +00.529
+04.262 +05.762 -07.863
-03.420 +00.069 +04.893
+02.306 -08.356 -07.313
+00.119 -07.204 -00.981
+08.567 +06.091 +00.622
+01.468 +00.560 +00.051
+06.624 +05.860 -05.651
+01.653 -03.812 -06.643
-04.849 +08.427 +04.925
+08.624 -05.467 +09.563
+09.556 +07.445 -00.512
+06.387 +06.628 +00.519
+01.236 -02.244 -06.934
-00.015 -05.009 -03.805
+08.946 +03.657 -05.644
+06.348 +06.944 -00.238
-03.598 -03.291 -04.891
+08.607 +09.573 +05.496
+05.244 +01.250 -09.025
+07.987 -03.680 -01.367
-05.441 -00.961 -00.116
-07.742 +09.613 -05.720
+09.688 +03.277 -05.533
+01.630 +01.773 -02.239
-07.350 +06.612 -05.140
+08.000 +00.054 -00.640
+01.635 +01.965 -07.245
+01.785 +07.761 +08.056
+04.857 +05.120 -05.418
+07.128 -08.903 -05.061
+08.804 -00.678 -01.627
-09.675 +02.569 +06.289
+04.619 -07.927 +00.484
-05.225 +07.784 +00.000
+06.085 +00.504 -08.336
+05.833 -00.162 +07.354
+06.737 +01.607 -02.588
-07.997 -03.784 +02.755
+09.059 -03.406 -00.573
+05.217 -04.166 -06.045
-06.292 -02.101 +05.539
+08.303 -01.613 +01.114
-00.504 -04.658 +04.884
-09.907 +08.974 +05.782
-01.501 +04.406 -09.072
-07.456 -03.376 -01.997
-04.435 +00.000 +07.442
+07.469 -00.449 +07.134
-07.173 +03.889 +08.038
-06.755 -05.188 -03.261
-02.427 +00.749 +02.256
+06.771 -00.795 +02.456
-06.928 +04.265 -08.986
+01.478 -03.117 -04.247
-00.139 +05.125 -02.258
+01.282 +07.433 -01.411
-02.097 -04.926 -02.214
-00.860 +09.750 +04.711
-00.389 +04.421 -07.910
+05.887 -02.023 -03.289
+03.030 -03.846 -03.988
+05.825 +07.620 -08.737
-01.426 +05.879 +03.935
+08.115 +06.856 -01.197
+06.954 -07.433 -01.550
-04.863 -08.822 +00.897
+05.944 +01.342 +04.353
-02.632 +02.765 +00.217
+09.405 -06.490 -08.212
+03.593 -05.268 -01.385
+05.037 -04.376 +06.617
+04.127 -09.664 +09.652
+09.466 +01.791 +08.470
-00.308 +08.686 +08.237
-06.349 +06.993 +09.258
+07.342 +00.942 -07.385
+06.976 +05.679 -07.473
+05.661 +06.124 -05.537
+08.947 -07.288 -03.531
+07.343 +09.402 +05.771
+07.871 +00.613 +04.296
-07.969 -00.564 +03.636
+02.898 -06.059 -01.650
-00.353 -05.564 +07.533
-06.447 +08.907 -07.188
-01.492 +02.142 +08.554
+00.325 -06.925 +04.016
+07.114 -03.429 -02.119
-05.694 +03.369 +01.604
+05.417 -00.728 +01.410
-02.712 +07.759 +01.987
-02.808 -06.984 +06.729
+06.787 +05.220 +02.101
+08.383 -07.555 +06.043
+07.498 -08.959 -07.452
-01.433 +02.218 -08.133
+08.309 -09.828 +03.554
+06.815 -03.698 -06.298
+03.782 +09.297 +00.891
-00.665 -05.499 +04.270
-07.482 -06.335 +08.707
-03.957 -04.025 -00.892
-02.530 -03.203 -06.849
+09.517 +08.713 -09.542
+09.000 -03.360 +08.255
-09.804 -02.661 -02.153
-05.544 -07.490 +08.791
-04.696 -07.415 -08.994
-00.177 -08.649 +07.052
-02.639 +09.766 -03.813
+07.746 -02.174 -08.942
-03.397 +02.543 -00.653
-09.289 -07.545 +07.861
-09.665 -01.611 -03.742
-00.815 -04.107 -08.209
-04.052 -07.958 -09.066
+05.005 +06.770 +03.290
-09.035 -05.792 +09.613
+00.236 +01.886 +04.010
-02.430 -06.593 -02.047
-02.571 -07.688 -01.276